file,text,xmin,xmax,sentence,word_in_sentence
0,this,0.88,1.08,1,0
0,was,1.08,1.24,1,1
0,easy,1.24,1.5,1,2
0,for,1.5,1.69,1,3
0,us,1.69,2.12,1,4
0,jane,3.47,3.79,2,0
0,may,3.79,3.96,2,1
0,earn,3.96,4.15,2,2
0,more,4.15,4.36,2,3
0,money,4.36,4.63,2,4
0,by,4.63,4.81,2,5
0,working,4.81,5.23,2,6
0,hard,5.23,5.58,2,7
0,she,7.54,7.75,3,0
0,is,7.75,7.86,3,1
0,thinner,7.86,8.23,3,2
0,than,8.23,8.39,3,3
0,i,8.39,8.57,3,4
0,am,8.57,8.98,3,5
0,bright,10.53,10.79,4,0
0,sunshine,10.79,11.34,4,1
0,shimmers,11.34,11.71,4,2
0,on,11.71,11.86,4,3
0,the,11.86,11.99,4,4
0,ocean,11.99,12.55,4,5
0,nothing,14.38,14.73,5,0
0,is,14.73,15.01,5,1
0,as,15.01,15.08,5,2
0,offensive,15.08,15.62,5,3
0,as,15.62,15.75,5,4
0,innocence,15.75,16.54,5,5
1,why,0.0,0.98,6,0
1,yell,0.98,1.26,6,1
1,or,1.26,1.37,6,2
1,worry,1.37,1.75,6,3
1,over,1.75,1.98,6,4
1,silly,1.98,2.36,6,5
1,items,2.36,3.02,6,6
1,where,4.49,4.7,7,0
1,were,4.7,4.86,7,1
1,you,4.86,5.05,7,2
1,while,5.05,5.23,7,3
1,we,5.23,5.37,7,4
1,were,5.37,5.54,7,5
1,away,5.54,6.0,7,6
1,are,8.1,8.16,8,0
1,your,8.16,8.34,8,1
1,grades,8.34,8.75,8,2
1,higher,8.75,9.21,8,3
1,or,9.21,9.39,8,4
1,lower,9.39,9.72,8,5
1,than,9.72,9.94,8,6
1,nancy's,9.94,10.7,8,7
1,he,12.7,12.82,9,0
1,will,12.82,12.98,9,1
1,allow,12.98,13.37,9,2
1,a,13.37,13.45,9,3
1,rare,13.45,13.78,9,4
1,lie,13.78,14.23,9,5
1,will,15.55,15.72,10,0
1,robin,15.72,16.16,10,1
1,wear,16.16,16.34,10,2
1,a,16.34,16.44,10,3
1,yellow,16.44,16.77,10,4
1,lily,16.77,17.23,10,5
2,swing,0.77,1.09,11,0
2,your,1.09,1.24,11,1
2,arm,1.24,1.56,11,2
2,as,1.56,1.71,11,3
2,high,1.71,1.91,11,4
2,as,1.91,2.09,11,5
2,you,2.09,2.18,11,6
2,can,2.18,2.62,11,7
2,before,4.29,4.61,12,0
2,thursday's,4.61,5.18,12,1
2,exam,5.18,5.63,12,2
2,review,5.63,5.91,12,3
2,every,5.91,6.19,12,4
2,formula,6.19,6.93,12,5
2,the,8.64,8.69,13,0
2,museum,8.69,9.16,13,1
2,hires,9.16,9.51,13,2
2,musicians,9.51,10.13,13,3
2,every,10.13,10.43,13,4
2,evening,10.43,10.98,13,5
2,a,12.78,12.88,14,0
2,roll,12.88,13.12,14,1
2,of,13.12,13.29,14,2
2,wire,13.29,13.63,14,3
2,lay,13.63,13.8,14,4
2,near,13.8,14.02,14,5
2,the,14.02,14.14,14,6
2,wall,14.14,14.55,14,7
2,carl,16.36,16.65,15,0
2,lives,16.65,16.96,15,1
2,in,16.96,17.04,15,2
2,a,17.04,17.14,15,3
2,lively,17.14,17.6,15,4
2,home,17.6,18.02,15,5
3,alimony,0.71,1.27,16,0
3,harms,1.27,1.64,16,1
3,a,1.64,1.7,16,2
3,divorced,1.7,2.28,16,3
3,man's,2.28,2.65,16,4
3,wealth,2.65,2.96,16,5
3,she,4.48,4.65,17,0
3,wore,4.65,4.95,17,1
3,warm,4.95,5.29,17,2
3,fleecy,5.29,5.73,17,3
3,woolen,5.73,6.07,17,4
3,overalls,6.07,6.76,17,5
3,alfalfa,8.43,8.97,18,0
3,is,8.97,9.14,18,1
3,healthy,9.14,9.47,18,2
3,for,9.47,9.61,18,3
3,you,9.61,9.98,18,4
3,when,10.02,11.83,19,0
3,all,11.83,12.05,19,1
3,else,12.05,12.31,19,2
3,fails,12.31,12.76,19,3
3,use,12.76,12.94,19,4
3,force,12.94,13.53,19,5
3,although,14.94,15.22,20,0
3,always,15.22,15.65,20,1
3,alone,15.65,16.1,20,2
3,we,16.1,16.21,20,3
3,survive,16.21,16.93,20,4
4,only,0.72,1.0,21,0
4,lawyers,1.0,1.5,21,1
4,love,1.5,1.69,21,2
4,millionaires,1.69,2.48,21,3
4,did,4.01,4.19,22,0
4,dad,4.19,4.45,22,1
4,do,4.45,4.58,22,2
4,academic,4.58,5.21,22,3
4,bidding,5.21,5.68,22,4
4,help,5.72,7.49,23,0
4,greg,7.49,7.75,23,1
4,to,7.75,7.87,23,2
4,pick,7.87,8.1,23,3
4,a,8.1,8.15,23,4
4,peck,8.15,8.38,23,5
4,of,8.38,8.53,23,6
4,potatoes,8.53,9.34,23,7
4,a,11.04,11.14,24,0
4,good,11.14,11.35,24,1
4,attitude,11.35,11.82,24,2
4,is,11.82,11.98,24,3
4,unbeatable,11.98,12.73,24,4
4,coconut,14.43,14.88,25,0
4,cream,14.88,15.16,25,1
4,pie,15.16,15.45,25,2
4,makes,15.45,15.69,25,3
4,a,15.69,15.73,25,4
4,nice,15.73,15.99,25,5
4,dessert,15.99,16.53,25,6
5,don't,0.67,0.98,26,0
5,do,0.98,1.14,26,1
5,charlie's,1.14,1.67,26,2
5,dirty,1.67,2.0,26,3
5,dishes,2.0,2.67,26,4
5,help,4.07,4.26,27,0
5,celebrate,4.26,4.71,27,1
5,your,4.71,4.81,27,2
5,brother's,4.81,5.17,27,3
5,success,5.17,5.91,27,4
5,only,8.11,8.32,28,0
5,the,8.32,8.44,28,1
5,most,8.44,8.69,28,2
5,accomplished,8.69,9.23,28,3
5,artists,9.23,9.69,28,4
5,obtain,9.69,10.04,28,5
5,popularity,10.04,10.99,28,6
5,critical,13.1,13.49,29,0
5,equipment,13.49,14.04,29,1
5,needs,14.04,14.26,29,2
5,proper,14.26,14.65,29,3
5,maintenance,14.65,15.45,29,4
5,young,17.51,17.75,30,0
5,people,17.75,18.1,30,1
5,participate,18.1,18.81,30,2
5,in,18.81,18.88,30,3
5,athletic,18.88,19.37,30,4
5,activities,19.37,20.2,30,5
6,barb's,0.71,1.05,31,0
6,gold,1.05,1.31,31,1
6,bracelet,1.31,1.77,31,2
6,was,1.77,1.94,31,3
6,a,1.94,1.98,31,4
6,graduation,1.98,2.66,31,5
6,present,2.66,3.16,31,6
6,stimulating,5.22,5.89,32,0
6,discussions,5.89,6.58,32,1
6,keep,6.58,6.82,32,2
6,students,6.82,7.23,32,3
6,attention,7.23,7.97,32,4
6,etiquette,10.11,10.49,33,0
6,mandates,10.49,10.97,33,1
6,compliance,10.97,11.58,33,2
6,with,11.58,11.7,33,3
6,existing,11.7,12.21,33,4
6,regulations,12.21,13.22,33,5
6,biblical,15.31,15.7,34,0
6,scholars,15.7,16.2,34,1
6,argue,16.2,16.52,34,2
6,history,16.52,17.19,34,3
6,elderly,18.93,19.34,35,0
6,people,19.34,19.67,35,1
6,are,19.67,19.78,35,2
6,often,19.78,20.14,35,3
6,excluded,20.14,20.88,35,4
7,basketball,0.8,1.34,36,0
7,can,1.34,1.53,36,1
7,be,1.53,1.64,36,2
7,an,1.64,1.73,36,3
7,entertaining,1.73,2.4,36,4
7,sport,2.4,2.91,36,5
7,addition,4.85,5.26,37,0
7,and,5.26,5.39,37,1
7,subtraction,5.39,6.01,37,2
7,are,6.01,6.13,37,3
7,learned,6.13,6.44,37,4
7,skills,6.44,7.07,37,5
7,grandmother,9.2,9.67,38,0
7,outgrew,9.67,10.21,38,1
7,her,10.21,10.37,38,2
7,upbringing,10.37,10.74,38,3
7,in,10.74,10.87,38,4
7,petticoats,10.87,11.75,38,5
7,at,14.18,14.35,39,0
7,twilight,14.35,14.8,39,1
7,on,14.8,14.94,39,2
7,the,14.94,15.0,39,3
7,twelfth,15.0,15.39,39,4
7,day,15.39,15.62,39,5
7,we'll,15.62,15.81,39,6
7,have,15.81,16.0,39,7
7,chablis,16.0,16.58,39,8
7,catastrophic,18.93,19.66,40,0
7,economic,19.66,20.27,40,1
7,cutbacks,20.3,20.79,40,2
7,neglect,20.82,21.21,40,3
7,the,21.21,21.27,40,4
7,poor,21.27,21.74,40,5
8,ambidextrous,0.9,1.56,41,0
8,pickpockets,1.56,2.23,41,1
8,accomplish,2.23,2.77,41,2
8,more,2.77,3.2,41,3
8,even,4.96,5.22,42,0
8,a,5.22,5.28,42,1
8,simple,5.28,5.61,42,2
8,vocabulary,5.61,6.4,42,3
8,contains,6.4,6.86,42,4
8,symbols,6.86,7.56,42,5
8,the,9.21,9.28,43,0
8,eastern,9.28,9.67,43,1
8,coast,9.67,10.01,43,2
8,is,10.01,10.14,43,3
8,a,10.14,10.19,43,4
8,place,10.19,10.5,43,5
8,for,10.5,10.64,43,6
8,pure,10.64,10.93,43,7
8,pleasure,10.93,11.38,43,8
8,and,11.38,11.51,43,9
8,excitement,11.51,12.15,43,10
8,the,15.07,15.14,44,0
8,lack,15.14,15.39,44,1
8,of,15.39,15.54,44,2
8,heat,15.54,15.8,44,3
8,compounded,15.8,16.33,44,4
8,the,16.33,16.4,44,5
8,tenant's,16.4,16.84,44,6
8,grievances,16.84,17.73,44,7
8,academic,20.1,20.61,45,0
8,aptitude,20.61,21.24,45,1
8,guarantees,21.24,21.86,45,2
8,your,21.86,22.0,45,3
8,diploma,22.0,22.72,45,4
9,the,1.07,1.13,46,0
9,prowler,1.13,1.5,46,1
9,wore,1.5,1.64,46,2
9,a,1.64,1.71,46,3
9,ski,1.71,2.01,46,4
9,mask,2.01,2.4,46,5
9,for,2.4,2.54,46,6
9,disguise,2.54,3.36,46,7
9,we,5.13,5.21,47,0
9,experience,5.21,5.81,47,1
9,distress,5.81,6.35,47,2
9,and,6.35,6.51,47,3
9,frustration,6.51,7.16,47,4
9,obtaining,7.16,7.65,47,5
9,our,7.65,7.75,47,6
9,degrees,7.75,8.38,47,7
9,the,10.88,10.96,48,0
9,singer's,10.96,11.38,48,1
9,finger,11.38,11.76,48,2
9,had,11.76,11.9,48,3
9,a,11.9,11.98,48,4
9,splinter,11.98,12.68,48,5
9,the,14.59,14.64,49,0
9,legislashe,14.64,15.37,49,1
9,chure,15.44,15.66,49,2
9,met,15.66,15.99,49,3
9,to,15.99,16.1,49,4
9,judge,16.1,16.46,49,5
9,the,16.46,16.56,49,6
9,state,16.56,16.83,49,7
9,of,16.83,16.97,49,8
9,public,16.97,17.28,49,9
9,education,17.28,18.11,49,10
9,chocolate,20.27,20.7,50,0
9,and,20.7,20.86,50,1
9,roses,20.86,21.28,50,2
9,never,21.28,21.56,50,3
9,fail,21.56,21.84,50,4
9,as,21.84,21.99,50,5
9,a,21.99,22.05,50,6
9,romantic,22.05,22.65,50,7
9,gift,22.65,23.12,50,8
10,any,0.75,0.97,51,0
10,contributions,0.97,1.85,51,1
10,will,1.85,1.97,51,2
10,be,1.97,2.07,51,3
10,greatly,2.07,2.45,51,4
10,appreciated,2.45,3.34,51,5
10,continental,5.36,6.02,52,0
10,drift,6.02,6.35,52,1
10,is,6.35,6.46,52,2
10,a,6.46,6.51,52,3
10,geological,6.51,7.19,52,4
10,theory,7.19,7.81,52,5
10,regular,9.51,9.89,53,0
10,attendance,9.89,10.57,53,1
10,is,10.57,10.69,53,2
10,seldom,10.69,11.17,53,3
10,required,11.17,11.89,53,4
10,challenge,13.41,13.84,54,0
10,each,13.84,14.16,54,1
10,general's,14.16,14.6,54,2
10,intelligence,14.6,15.52,54,3
10,we,17.45,17.58,55,0
10,got,17.58,17.78,55,1
10,drenched,17.78,18.2,55,2
10,from,18.2,18.36,55,3
10,the,18.36,18.41,55,4
10,uninterrupted,18.41,19.29,55,5
10,rain,19.29,19.79,55,6
11,last,0.59,0.87,56,0
11,year's,0.87,1.08,56,1
11,gas,1.08,1.42,56,2
11,shortage,1.42,1.88,56,3
11,caused,1.88,2.16,56,4
11,steep,2.16,2.46,56,5
11,price,2.46,2.77,56,6
11,increases,2.77,3.6,56,7
11,upgrade,5.77,6.15,57,0
11,your,6.15,6.27,57,1
11,status,6.27,6.76,57,2
11,to,6.76,6.91,57,3
11,reflect,6.91,7.35,57,4
11,your,7.35,7.45,57,5
11,wealth,7.45,7.81,57,6
11,eat,10.12,10.25,58,0
11,your,10.25,10.35,58,1
11,raisins,10.35,10.77,58,2
11,outdoors,10.77,11.26,58,3
11,on,11.26,11.38,58,4
11,the,11.38,11.44,58,5
11,porch,11.44,11.82,58,6
11,steps,11.82,12.4,58,7
11,porcupines,14.6,15.28,59,0
11,resemble,15.28,15.67,59,1
11,sea,15.67,15.96,59,2
11,urchins,15.96,16.64,59,3
11,spring,18.01,18.41,60,0
11,street,18.41,18.77,60,1
11,is,18.77,18.87,60,2
11,straight,18.87,19.19,60,3
11,ahead,19.19,19.57,60,4
12,cliff's,0.62,0.89,61,0
12,display,0.89,1.32,61,1
12,was,1.32,1.52,61,2
12,misplaced,1.52,2.14,61,3
12,on,2.14,2.27,61,4
12,the,2.27,2.32,61,5
12,screen,2.32,2.92,61,6
12,an,4.9,5.02,62,0
12,official,5.02,5.4,62,1
12,deadline,5.4,5.9,62,2
12,cannot,5.9,6.23,62,3
12,be,6.23,6.35,62,4
12,postponed,6.35,7.11,62,5
12,fill,9.19,9.35,63,0
12,that,9.35,9.56,63,1
12,canteen,9.56,10.07,63,2
12,with,10.07,10.24,63,3
12,fresh,10.24,10.62,63,4
12,spring,10.62,10.95,63,5
12,water,10.95,11.38,63,6
12,gently,13.38,13.72,64,0
12,place,13.72,14.01,64,1
12,jim's,14.01,14.44,64,2
12,foam,14.44,14.75,64,3
12,sculpture,14.75,15.23,64,4
12,in,15.23,15.35,64,5
12,the,15.35,15.4,64,6
12,box,15.4,16.01,64,7
12,bagpipes,17.9,18.44,65,0
12,and,18.44,18.58,65,1
12,bongos,18.58,19.06,65,2
12,are,19.06,19.09,65,3
12,musical,19.09,19.49,65,4
12,instruments,19.49,20.35,65,5
13,doctors,0.69,1.09,66,0
13,prescribe,1.09,1.59,66,1
13,drugs,1.59,1.92,66,2
13,too,1.92,2.08,66,3
13,freely,2.08,2.64,66,4
13,will,4.26,4.34,67,0
13,you,4.34,4.5,67,1
13,please,4.5,4.81,67,2
13,describe,4.81,5.37,67,3
13,the,5.37,5.48,67,4
13,idiotic,5.48,6.07,67,5
13,predicament,6.07,6.77,67,6
13,it's,9.05,9.22,68,0
13,impossible,9.22,9.83,68,1
13,to,9.83,9.93,68,2
13,deal,9.93,10.18,68,3
13,with,10.18,10.33,68,4
13,bureaucracy,10.33,11.25,68,5
13,good,13.36,13.55,69,0
13,service,13.55,13.98,69,1
13,should,13.98,14.16,69,2
13,be,14.16,14.25,69,3
13,rewarded,14.25,14.81,69,4
13,by,14.81,14.94,69,5
13,big,14.94,15.23,69,6
13,tips,15.23,15.82,69,7
13,my,17.71,17.86,70,0
13,instructions,17.86,18.51,70,1
13,desperately,18.51,19.06,70,2
13,need,19.06,19.24,70,3
13,updating,19.24,19.97,70,4
14,cooperation,0.5,1.13,71,0
14,along,1.13,1.38,71,1
14,with,1.38,1.54,71,2
14,understanding,1.54,2.27,71,3
14,alleviate,2.27,2.8,71,4
14,dispute,2.8,3.41,71,5
14,cement,5.81,6.28,72,0
14,is,6.28,6.4,72,1
14,measured,6.4,6.68,72,2
14,in,6.68,6.78,72,3
14,cubic,6.78,7.2,72,4
14,yards,7.2,7.79,72,5
14,primitive,9.44,9.84,73,0
14,tribes,9.84,10.23,73,1
14,have,10.23,10.34,73,2
14,an,10.34,10.43,73,3
14,upbeat,10.43,10.77,73,4
14,attitude,10.77,11.46,73,5
14,flying,13.62,13.98,74,0
14,standby,13.98,14.55,74,1
14,can,14.55,14.69,74,2
14,be,14.69,14.77,74,3
14,practical,14.77,15.33,74,4
14,if,15.33,15.47,74,5
14,you,15.47,15.54,74,6
14,want,15.54,15.8,74,7
14,to,15.8,15.84,74,8
14,save,15.84,16.11,74,9
14,money,16.11,16.56,74,10
14,it's,19.23,19.39,75,0
14,hard,19.39,19.56,75,1
14,to,19.56,19.67,75,2
14,tell,19.67,19.87,75,3
14,an,19.87,20.02,75,4
14,or,20.02,20.11,75,5
14,ellen,20.14,20.43,75,6
14,an,20.51,20.62,75,7
14,original,20.62,21.14,75,8
14,from,21.14,21.33,75,9
14,a,21.33,21.39,75,10
14,forgery,21.39,22.14,75,11
15,the,0.81,1.0,76,0
15,thinker,1.0,1.39,76,1
15,is,1.39,1.54,76,2
15,a,1.54,1.6,76,3
15,famous,1.6,1.96,76,4
15,sculpture,1.96,2.67,76,5
15,the,4.35,4.41,77,0
15,misprint,4.41,4.89,77,1
15,provoked,4.89,5.34,77,2
15,an,5.34,5.42,77,3
15,im,5.42,5.63,77,4
15,immediate,5.63,6.19,77,5
15,disclaimer,6.19,6.94,77,6
15,a,8.77,8.83,78,0
15,large,8.83,9.21,78,1
15,household,9.21,9.71,78,2
15,needs,9.71,9.9,78,3
15,lots,9.9,10.23,78,4
15,of,10.23,10.3,78,5
15,appliances,10.3,11.25,78,6
15,cut,13.38,13.56,79,0
15,a,13.56,13.61,79,1
15,small,13.61,14.0,79,2
15,corner,14.0,14.35,79,3
15,off,14.35,14.6,79,4
15,each,14.6,14.84,79,5
15,edge,14.84,15.34,79,6
15,iguanas,16.65,17.15,80,0
15,and,17.15,17.26,80,1
15,alligators,17.26,17.84,80,2
15,are,17.84,17.92,80,3
15,tropical,17.92,18.46,80,4
15,reptiles,18.46,19.31,80,5
16,masquerade,0.68,1.24,81,0
16,parties,1.24,1.63,81,1
16,tax,1.63,2.02,81,2
16,one's,2.02,2.23,81,3
16,imagination,2.23,3.14,81,4
16,penguins,4.76,5.21,82,0
16,live,5.21,5.38,82,1
16,near,5.38,5.54,82,2
16,the,5.54,5.7,82,3
16,icy,5.7,6.05,82,4
16,antarctic,6.05,6.88,82,5
16,guess,8.69,8.92,83,0
16,the,8.92,8.99,83,1
16,question,8.99,9.55,83,2
16,from,9.55,9.75,83,3
16,the,9.75,9.86,83,4
16,answer,9.86,10.44,83,5
16,medieval,12.27,12.65,84,0
16,society,12.65,13.31,84,1
16,was,13.31,13.47,84,2
16,based,13.47,13.77,84,3
16,on,13.77,13.93,84,4
16,hierarchies,13.93,14.88,84,5
16,project,16.6,17.01,85,0
16,development,17.01,17.55,85,1
16,was,17.55,17.69,85,2
16,proceeding,17.69,18.23,85,3
16,too,18.23,18.43,85,4
16,slowly,18.43,19.01,85,5
17,kindergarten,0.65,1.29,86,0
17,children,1.29,1.78,86,1
17,decorate,1.78,2.26,86,2
17,their,2.26,2.39,86,3
17,classrooms,2.39,3.03,86,4
17,for,3.03,3.24,86,5
17,hol,3.24,3.4,86,6
17,all,3.4,3.7,86,7
17,holidays,3.7,4.45,86,8
17,special,6.6,7.04,87,0
17,task,7.04,7.43,87,1
17,forces,7.43,7.92,87,2
17,rescue,7.92,8.33,87,3
17,hostages,8.33,9.01,87,4
17,from,9.01,9.18,87,5
17,kidnappers,9.18,10.05,87,6
17,call,11.64,11.85,88,0
17,an,11.85,11.99,88,1
17,ambulance,11.99,12.54,88,2
17,for,12.54,12.65,88,3
17,medical,12.65,13.03,88,4
17,assistance,13.03,13.88,88,5
17,he,15.8,15.89,89,0
17,stole,15.89,16.18,89,1
17,a,16.18,16.25,89,2
17,dime,16.25,16.63,89,3
17,from,16.63,16.81,89,4
17,a,16.81,16.89,89,5
17,beggar,16.89,17.42,89,6
17,you,19.27,19.37,90,0
17,must,19.37,19.66,90,1
17,explicitly,19.66,20.32,90,2
17,delete,20.32,20.73,90,3
17,files,20.73,21.38,90,4
18,a,0.63,0.71,91,0
18,huge,0.71,1.05,91,1
18,tapestry,1.05,1.74,91,2
18,hung,1.74,1.98,91,3
18,in,1.98,2.06,91,4
18,her,2.06,2.19,91,5
18,hallway,2.19,2.8,91,6
18,birthday,4.39,4.69,92,0
18,parties,4.69,5.14,92,1
18,have,5.14,5.3,92,2
18,cupcakes,5.33,5.84,92,3
18,and,5.84,5.93,92,4
18,ice,5.93,6.16,92,5
18,cream,6.16,6.59,92,6
18,his,8.75,8.9,93,0
18,scalp,8.9,9.22,93,1
18,was,9.22,9.37,93,2
18,blistered,9.37,9.94,93,3
18,from,9.94,10.12,93,4
18,today's,10.12,10.55,93,5
18,hot,10.55,10.81,93,6
18,sun,10.81,11.29,93,7
18,she,13.29,13.49,94,0
18,slipped,13.49,13.82,94,1
18,and,13.82,13.97,94,2
18,sprained,13.97,14.37,94,3
18,her,14.37,14.44,94,4
18,ankle,14.44,14.78,94,5
18,on,14.78,14.94,94,6
18,the,14.94,14.99,94,7
18,steep,14.99,15.34,94,8
18,slope,15.34,15.8,94,9
18,the,18.47,18.54,95,0
18,best,18.54,18.85,95,1
18,way,18.85,18.97,95,2
18,to,18.97,19.09,95,3
18,learn,19.09,19.35,95,4
18,is,19.35,19.44,95,5
18,to,19.44,19.58,95,6
18,solve,19.58,19.88,95,7
18,extra,19.88,20.18,95,8
18,problems,20.18,21.05,95,9
19,his,0.73,0.9,96,0
19,sudden,0.9,1.19,96,1
19,departure,1.19,1.75,96,2
19,shocked,1.75,2.28,96,3
19,the,2.28,2.33,96,4
19,cast,2.33,2.81,96,5
19,tugboats,4.64,5.08,97,0
19,are,5.08,5.14,97,1
19,capable,5.14,5.63,97,2
19,of,5.63,5.77,97,3
19,hauling,5.77,6.15,97,4
19,huge,6.15,6.47,97,5
19,loads,6.47,7.0,97,6
19,a,8.94,9.0,98,0
19,muscular,9.0,9.55,98,1
19,abdomen,9.55,10.0,98,2
19,is,10.0,10.13,98,3
19,good,10.13,10.36,98,4
19,for,10.36,10.42,98,5
19,your,10.42,10.56,98,6
19,back,10.56,11.03,98,7
19,the,13.26,13.32,99,0
19,cartoon,13.32,13.82,99,1
19,features,13.82,14.22,99,2
19,a,14.22,14.28,99,3
19,muskrat,14.28,14.74,99,4
19,and,14.74,14.89,99,5
19,a,14.89,14.96,99,6
19,tadpole,14.96,15.67,99,7
19,the,17.63,17.8,100,0
19,emblem,17.8,18.08,100,1
19,depicts,18.08,18.67,100,2
19,the,18.67,18.77,100,3
19,acropolis,18.77,19.42,100,4
19,all,19.42,19.6,100,5
19,aglow,19.6,20.12,100,6
20,clasp,0.7,1.1,101,0
20,the,1.1,1.19,101,1
20,screw,1.19,1.5,101,2
20,in,1.5,1.6,101,3
20,your,1.6,1.74,101,4
20,left,1.74,2.15,101,5
20,hand,2.15,2.51,101,6
20,the,4.18,4.23,102,0
20,mango,4.23,4.6,102,1
20,and,4.6,4.76,102,2
20,the,4.76,4.82,102,3
20,papaya,4.82,5.34,102,4
20,are,5.34,5.48,102,5
20,in,5.48,5.63,102,6
20,the,5.63,5.68,102,7
20,bowl,5.68,6.16,102,8
20,combine,8.15,8.54,103,0
20,all,8.54,8.76,103,1
20,the,8.76,8.9,103,2
20,ingredients,8.9,9.55,103,3
20,in,9.55,9.61,103,4
20,a,9.61,9.76,103,5
20,large,9.76,10.08,103,6
20,bowl,10.08,10.52,103,7
20,the,12.76,12.81,104,0
20,misquote,12.81,13.32,104,1
20,was,13.32,13.54,104,2
20,retracted,13.54,14.15,104,3
20,with,14.15,14.31,104,4
20,an,14.31,14.4,104,5
20,apology,14.4,15.16,104,6
20,the,16.98,17.05,105,0
20,coyote,17.05,17.55,105,1
20,bobcat,17.55,18.16,105,2
20,and,18.16,18.37,105,3
20,hyena,18.37,18.91,105,4
20,are,18.94,19.09,105,5
20,wild,19.09,19.4,105,6
20,animals,19.4,20.09,105,7
21,trespassing,0.58,1.2,106,0
21,is,1.2,1.32,106,1
21,forbidden,1.32,1.81,106,2
21,and,1.81,1.96,106,3
21,subject,1.96,2.36,106,4
21,to,2.36,2.44,106,5
21,penalty,2.44,3.13,106,6
21,encyclopedias,5.31,6.13,107,0
21,seldom,6.13,6.59,107,1
21,present,6.59,6.97,107,2
21,anecdotal,6.97,7.58,107,3
21,evidence,7.58,8.35,107,4
21,a,10.02,10.07,108,0
21,screwdriver,10.07,10.72,108,1
21,is,10.72,10.87,108,2
21,made,10.87,11.06,108,3
21,from,11.06,11.26,108,4
21,vodka,11.26,11.67,108,5
21,and,11.67,11.83,108,6
21,orange,11.83,12.23,108,7
21,juice,12.23,12.66,108,8
21,objects,14.85,15.24,109,0
21,made,15.24,15.41,109,1
21,of,15.41,15.54,109,2
21,pewter,15.54,15.96,109,3
21,are,15.96,16.0,109,4
21,beautiful,16.0,16.78,109,5
21,westchester,18.74,19.41,110,0
21,is,19.41,19.53,110,1
21,a,19.53,19.59,110,2
21,county,19.59,20.03,110,3
21,in,20.03,20.12,110,4
21,new,20.12,20.24,110,5
21,york,20.24,20.72,110,6
22,artificial,0.85,1.43,111,0
22,intelligence,1.43,2.1,111,1
22,is,2.1,2.23,111,2
22,for,2.23,2.43,111,3
22,real,2.43,2.86,111,4
22,the,4.61,4.73,112,0
22,emperor,4.73,5.11,112,1
22,had,5.11,5.28,112,2
22,a,5.28,5.34,112,3
22,mean,5.34,5.74,112,4
22,temper,5.74,6.32,112,5
22,lots,7.96,8.21,113,0
22,of,8.21,8.32,113,1
22,foreign,8.32,8.7,113,2
22,movies,8.7,9.13,113,3
22,have,9.13,9.29,113,4
22,subtitles,9.29,10.09,113,5
22,angora,11.84,12.24,114,0
22,cats,12.24,12.57,114,1
22,are,12.57,12.65,114,2
22,furrier,12.65,13.17,114,3
22,than,13.17,13.39,114,4
22,siamese,13.39,14.1,114,5
22,he,15.86,16.03,115,0
22,ate,16.03,16.14,115,1
22,four,16.14,16.46,115,2
22,extra,16.46,16.82,115,3
22,eggs,16.82,17.14,115,4
22,for,17.14,17.25,115,5
22,breakfast,17.25,17.98,115,6
23,we,0.54,0.66,116,0
23,plan,0.66,0.95,116,1
23,to,0.95,1.09,116,2
23,build,1.09,1.46,116,3
23,a,1.46,1.55,116,4
23,new,1.55,1.81,116,5
23,beverage,1.81,2.28,116,6
23,plant,2.28,2.59,116,7
23,publicity,4.4,4.98,117,0
23,and,4.98,5.2,117,1
23,notoriety,5.2,5.94,117,2
23,go,5.94,6.14,117,3
23,hand,6.14,6.44,117,4
23,in,6.44,6.62,117,5
23,hand,6.62,7.0,117,6
23,pizzerias,8.56,9.18,118,0
23,are,9.18,9.24,118,1
23,convenient,9.24,9.86,118,2
23,for,9.86,9.98,118,3
23,a,9.98,10.05,118,4
23,quick,10.05,10.33,118,5
23,lunch,10.33,10.84,118,6
23,december,12.8,13.2,119,0
23,and,13.2,13.34,119,1
23,january,13.34,13.92,119,2
23,are,13.92,14.04,119,3
23,nice,14.1,14.52,119,4
23,months,14.52,14.84,119,5
23,to,14.84,14.93,119,6
23,spend,14.93,15.21,119,7
23,in,15.21,15.38,119,8
23,miami,15.38,15.96,119,9
23,technical,18.2,18.68,120,0
23,writers,18.68,19.08,120,1
23,can,19.08,19.21,120,2
23,abbreviate,19.21,19.78,120,3
23,in,19.78,19.9,120,4
23,bibliographies,19.9,20.92,120,5
24,scientific,0.3,1.04,121,0
24,progress,1.04,1.66,121,1
24,comes,1.66,1.94,121,2
24,from,1.94,2.14,121,3
24,the,2.14,2.22,121,4
24,development,2.22,2.78,121,5
24,of,2.78,2.95,121,6
24,new,2.95,3.08,121,7
24,techniques,3.08,3.86,121,8
24,the,6.31,6.38,122,0
24,clumsy,6.38,6.78,122,1
24,customer,6.78,7.31,122,2
24,spilled,7.31,7.69,122,3
24,some,7.69,7.87,122,4
24,expensive,7.87,8.46,122,5
24,perfume,8.46,9.12,122,6
24,the,11.41,11.47,123,0
24,bungalow,11.47,11.99,123,1
24,was,11.99,12.17,123,2
24,pleasantly,12.17,12.63,123,3
24,situated,12.63,13.25,123,4
24,near,13.25,13.41,123,5
24,the,13.41,13.5,123,6
24,shore,13.5,14.03,123,7
24,agricultural,16.38,17.11,124,0
24,products,17.11,17.76,124,1
24,are,17.76,17.85,124,2
24,unevenly,17.85,18.4,124,3
24,distributed,18.4,19.24,124,4
24,pledge,21.24,21.51,125,0
24,to,21.51,21.68,125,1
24,participate,21.71,22.42,125,2
24,in,22.42,22.53,125,3
24,nevada's,22.53,23.01,125,4
24,aquatic,23.01,23.44,125,5
24,competition,23.44,24.29,125,6
25,which,0.0,0.89,126,0
25,long,0.89,1.11,126,1
25,article,1.11,1.54,126,2
25,was,1.54,1.7,126,3
25,opaque,1.7,2.12,126,4
25,and,2.12,2.22,126,5
25,needed,2.22,2.48,126,6
25,clarification,2.48,3.55,126,7
25,the,5.68,5.73,127,0
25,sound,5.73,6.07,127,1
25,of,6.07,6.17,127,2
25,jennifer's,6.17,6.66,127,3
25,bugle,6.66,7.02,127,4
25,scared,7.02,7.45,127,5
25,the,7.45,7.58,127,6
25,antelope,7.58,8.16,127,7
25,the,10.59,10.67,128,0
25,willowy,10.67,11.06,128,1
25,woman,11.06,11.68,128,2
25,wore,11.71,11.92,128,3
25,a,11.92,11.97,128,4
25,muskrat,11.97,12.59,128,5
25,coat,12.59,12.93,128,6
25,too,14.63,14.76,129,0
25,much,14.76,15.05,129,1
25,curiosity,15.05,15.79,129,2
25,can,15.79,15.97,129,3
25,get,15.97,16.14,129,4
25,you,16.14,16.25,129,5
25,into,16.25,16.49,129,6
25,trouble,16.49,17.03,129,7
25,cyclical,18.91,19.44,130,0
25,programs,19.44,20.01,130,1
25,will,20.01,20.12,130,2
25,never,20.12,20.44,130,3
25,compile,20.44,21.24,130,4
26,correct,0.78,1.11,131,0
26,execution,1.11,1.81,131,1
26,of,1.81,1.93,131,2
26,my,1.93,2.05,131,3
26,instructions,2.05,2.74,131,4
26,is,2.74,2.87,131,5
26,crucial,2.87,3.58,131,6
26,most,5.58,5.9,132,0
26,precincts,5.9,6.44,132,1
26,had,6.44,6.57,132,2
26,a,6.57,6.63,132,3
26,third,6.63,6.94,132,4
26,of,6.94,7.04,132,5
26,the,7.04,7.12,132,6
26,votes,7.12,7.45,132,7
26,counted,7.45,7.99,132,8
26,while,8.03,10.31,133,0
26,waiting,10.31,10.64,133,1
26,for,10.64,10.78,133,2
26,chipper,10.78,11.19,133,3
26,she,11.19,11.35,133,4
26,crisscrossed,11.35,11.96,133,5
26,the,11.96,12.03,133,6
26,square,12.03,12.36,133,7
26,many,12.36,12.65,133,8
26,times,12.65,13.29,133,9
26,vietnamese,16.23,16.78,134,0
26,cuisine,16.78,17.16,134,1
26,is,17.16,17.31,134,2
26,exquisite,17.34,18.0,134,3
26,the,19.9,19.96,135,0
26,previous,19.96,20.4,135,1
26,speaker,20.4,20.77,135,2
26,presented,20.77,21.29,135,3
26,ambiguous,21.29,21.93,135,4
26,results,21.93,22.6,135,5
27,mosquitoes,0.52,1.06,136,0
27,exist,1.06,1.46,136,1
27,in,1.46,1.64,136,2
27,warm,1.64,1.93,136,3
27,humid,1.93,2.24,136,4
27,climates,2.24,2.96,136,5
27,scholastic,4.55,5.16,137,0
27,aptitude,5.16,5.73,137,1
27,is,5.73,5.85,137,2
27,judged,5.85,6.17,137,3
27,by,6.17,6.28,137,4
27,standardized,6.28,7.02,137,5
27,tests,7.02,7.61,137,6
27,orange,9.7,10.03,138,0
27,juice,10.03,10.24,138,1
27,tastes,10.24,10.55,138,2
27,funny,10.55,10.84,138,3
27,after,10.84,11.07,138,4
27,toothpaste,11.07,11.92,138,5
27,the,14.04,14.12,139,0
27,water,14.12,14.43,139,1
27,contained,14.43,14.92,139,2
27,too,14.92,15.04,139,3
27,much,15.04,15.25,139,4
27,chlorine,15.25,15.72,139,5
27,and,15.72,15.9,139,6
27,stung,15.9,16.17,139,7
27,his,16.17,16.34,139,8
27,eyes,16.34,16.79,139,9
27,our,19.34,19.47,140,0
27,experiment's,19.47,20.04,140,1
27,positive,20.04,20.54,140,2
27,outcome,20.54,20.98,140,3
27,was,20.98,21.12,140,4
27,unexpected,21.12,21.97,140,5
28,remove,0.8,1.12,141,0
28,the,1.12,1.22,141,1
28,splinter,1.22,1.66,141,2
28,with,1.66,1.81,141,3
28,a,1.81,1.85,141,4
28,pair,1.85,2.09,141,5
28,of,2.09,2.21,141,6
28,tweezers,2.21,2.91,141,7
28,the,5.17,5.24,142,0
28,drunkard,5.24,5.7,142,1
28,is,5.7,5.83,142,2
28,a,5.83,5.88,142,3
28,social,5.88,6.29,142,4
28,outcast,6.29,7.04,142,5
28,the,8.87,8.95,143,0
28,government,8.95,9.38,143,1
28,sought,9.38,9.63,143,2
28,authorization,9.63,10.38,143,3
28,of,10.38,10.53,143,4
28,his,10.53,10.66,143,5
28,citizenship,10.66,11.41,143,6
28,as,14.11,14.24,144,0
28,coauthors,14.24,14.97,144,1
28,we,15.0,15.1,144,2
28,presented,15.1,15.58,144,3
28,our,15.58,15.68,144,4
28,new,15.68,15.9,144,5
28,book,15.9,16.14,144,6
28,to,16.14,16.26,144,7
28,the,16.26,16.44,144,8
28,haughty,16.44,16.75,144,9
28,audience,16.75,17.52,144,10
28,as,20.03,20.16,145,0
28,a,20.16,20.21,145,1
28,precaution,20.21,20.88,145,2
28,the,20.88,20.99,145,3
28,outlaws,20.99,21.43,145,4
28,bought,21.43,21.72,145,5
28,gunpowder,21.72,22.34,145,6
28,for,22.34,22.49,145,7
28,their,22.49,22.67,145,8
28,stronghold,22.67,23.52,145,9
29,her,0.66,0.77,146,0
29,auburn,0.77,1.19,146,1
29,hair,1.19,1.42,146,2
29,reminded,1.42,1.86,146,3
29,him,1.86,2.01,146,4
29,of,2.01,2.16,146,5
29,autumn,2.16,2.54,146,6
29,leaves,2.54,3.05,146,7
29,they,5.19,5.28,147,0
29,remained,5.28,5.67,147,1
29,lifelong,5.67,6.16,147,2
29,friends,6.16,6.48,147,3
29,and,6.48,6.61,147,4
29,companions,6.61,7.52,147,5
29,curiosity,9.63,10.41,148,0
29,and,10.41,10.55,148,1
29,mediocrity,10.55,11.22,148,2
29,seldom,11.22,11.71,148,3
29,coexist,11.71,12.46,148,4
29,biologists,13.96,14.57,149,0
29,use,14.57,14.77,149,1
29,radioactive,14.77,15.46,149,2
29,isotopes,15.46,16.13,149,3
29,to,16.13,16.25,149,4
29,study,16.25,16.57,149,5
29,microorganisms,16.57,17.91,149,6
29,employee,19.41,19.8,150,0
29,layoffs,19.8,20.33,150,1
29,coincided,20.33,21.03,150,2
29,with,21.03,21.16,150,3
29,the,21.16,21.22,150,4
29,company's,21.22,21.74,150,5
29,reorganization,21.74,22.84,150,6
30,who,0.0,0.76,151,0
30,took,0.76,0.99,151,1
30,the,0.99,1.06,151,2
30,kayak,1.06,1.53,151,3
30,down,1.53,1.75,151,4
30,the,1.75,1.8,151,5
30,bayou,1.8,2.4,151,6
30,how,4.75,4.88,152,0
30,do,4.88,4.97,152,1
30,you,4.97,5.05,152,2
30,evaluate,5.05,5.61,152,3
30,this,5.61,5.79,152,4
30,algebraic,5.79,6.34,152,5
30,expression,6.34,7.15,152,6
30,the,9.02,9.1,153,0
30,mayan,9.1,9.44,153,1
30,neoclassic,9.44,10.14,153,2
30,scholar,10.14,10.6,153,3
30,disappeared,10.6,11.22,153,4
30,while,11.22,11.38,153,5
30,surveying,11.38,11.91,153,6
30,ancient,11.91,12.35,153,7
30,ruins,12.35,13.05,153,8
30,the,15.48,15.54,154,0
30,diagnosis,15.54,16.32,154,1
30,was,16.32,16.5,154,2
30,discouraging,16.5,17.32,154,3
30,however,17.32,17.76,154,4
30,he,17.76,17.88,154,5
30,was,17.88,18.04,154,6
30,not,18.04,18.26,154,7
30,overly,18.26,18.62,154,8
30,worried,18.62,19.12,154,9
30,the,21.51,21.91,155,0
30,triumphant,21.94,22.51,155,1
30,warrior,22.51,23.04,155,2
30,exhibited,23.07,23.6,155,3
30,naive,23.6,23.97,155,4
30,heroism,23.97,24.79,155,5
31,whoever,0.0,1.16,156,0
31,cooperates,1.16,1.81,156,1
31,in,1.81,1.93,156,2
31,finding,1.93,2.45,156,3
31,nan's,2.45,2.76,156,4
31,cameo,2.76,3.24,156,5
31,will,3.24,3.39,156,6
31,be,3.39,3.53,156,7
31,rewarded,3.53,4.24,156,8
31,severe,6.22,6.57,157,0
31,myopia,6.57,7.13,157,1
31,contributed,7.13,7.85,157,2
31,to,7.85,7.97,157,3
31,ron's,7.97,8.21,157,4
31,inferiority,8.21,8.97,157,5
31,complex,8.97,9.79,157,6
31,buying,11.55,11.87,158,0
31,a,11.87,11.92,158,1
31,thoroughbred,11.92,12.5,158,2
31,horse,12.5,12.87,158,3
31,requires,12.87,13.33,158,4
31,intuition,13.33,13.89,158,5
31,and,13.89,14.05,158,6
31,expertise,14.05,14.92,158,7
31,does,17.26,17.44,159,0
31,creole,17.44,17.83,159,1
31,cooking,17.83,18.22,159,2
31,use,18.22,18.39,159,3
31,curry,18.39,18.97,159,4
31,she,20.53,20.7,160,0
31,encouraged,20.7,21.18,160,1
31,her,21.18,21.27,160,2
31,children,21.27,21.75,160,3
31,to,21.75,21.87,160,4
31,make,21.87,22.04,160,5
31,their,22.04,22.19,160,6
31,own,22.19,22.37,160,7
31,halloween,22.37,22.84,160,8
31,costumes,22.84,23.68,160,9
32,we,0.56,0.67,161,0
32,could,0.67,0.85,161,1
32,barely,0.85,1.14,161,2
32,see,1.14,1.32,161,3
32,the,1.32,1.41,161,4
32,fjords,1.41,1.89,161,5
32,through,1.89,2.03,161,6
32,the,2.03,2.14,161,7
32,snow,2.14,2.4,161,8
32,flurries,2.4,3.02,161,9
32,almost,6.11,6.49,162,0
32,all,6.49,6.64,162,1
32,colleges,6.64,7.21,162,2
32,are,7.21,7.27,162,3
32,now,7.27,7.49,162,4
32,coeducational,7.49,8.6,162,5
32,rich,10.29,10.6,163,0
32,looked,10.6,10.81,163,1
32,for,10.81,10.9,163,2
32,spotted,10.9,11.39,163,3
32,hyenas,11.39,11.8,163,4
32,and,11.8,11.92,163,5
32,jaguars,11.92,12.44,163,6
32,on,12.44,12.6,163,7
32,the,12.6,12.65,163,8
32,safari,12.65,13.38,163,9
32,thick,15.69,15.88,164,0
32,glue,15.88,16.2,164,1
32,oozed,16.24,16.58,164,2
32,out,16.58,16.75,164,3
32,of,16.75,16.88,164,4
32,the,16.88,16.94,164,5
32,tube,16.94,17.41,164,6
32,why,17.5,19.59,165,0
32,else,19.59,19.84,165,1
32,would,19.84,19.97,165,2
32,danny,19.97,20.3,165,3
32,allow,20.3,20.61,165,4
32,others,20.61,20.88,165,5
32,to,20.88,21.01,165,6
32,go,21.01,21.34,165,7
33,the,0.97,1.03,166,0
33,cat's,1.03,1.39,166,1
33,meow,1.39,1.68,166,2
33,always,1.68,2.13,166,3
33,hurts,2.13,2.39,166,4
33,my,2.39,2.55,166,5
33,ears,2.55,3.01,166,6
33,did,4.56,4.68,167,0
33,you,4.68,4.78,167,1
33,buy,4.78,4.94,167,2
33,any,4.94,5.15,167,3
33,corduroy,5.15,5.78,167,4
33,overalls,5.78,6.47,167,5
33,would,8.02,8.16,168,0
33,a,8.16,8.22,168,1
33,tomboy,8.22,8.76,168,2
33,often,8.76,9.1,168,3
33,play,9.1,9.3,168,4
33,outdoors,9.3,10.07,168,5
33,they,11.68,11.79,169,0
33,often,11.79,12.15,169,1
33,go,12.15,12.24,169,2
33,out,12.24,12.42,169,3
33,in,12.42,12.5,169,4
33,the,12.5,12.55,169,5
33,evening,12.55,13.27,169,6
33,who,15.28,15.43,170,0
33,authorized,15.43,16.16,170,1
33,the,16.16,16.34,170,2
33,unlimited,16.34,16.9,170,3
33,expense,16.9,17.41,170,4
33,account,17.41,17.81,170,5
34,destroy,0.55,0.9,171,0
34,every,0.9,1.28,171,1
34,fi,1.28,1.45,171,2
34,file,1.58,1.95,171,3
34,related,1.95,2.4,171,4
34,to,2.4,2.51,171,5
34,my,2.51,2.67,171,6
34,audits,2.67,3.36,171,7
34,serve,4.78,5.03,172,0
34,the,5.03,5.09,172,1
34,coleslaw,5.09,5.71,172,2
34,after,5.74,6.11,172,3
34,i,6.11,6.22,172,4
34,add,6.22,6.4,172,5
34,the,6.4,6.52,172,6
34,oil,6.52,7.03,172,7
34,withdraw,8.69,9.13,173,0
34,all,9.13,9.33,173,1
34,phony,9.33,9.7,173,2
34,accusations,9.7,10.45,173,3
34,at,10.45,10.56,173,4
34,once,10.56,11.09,173,5
34,straw,12.59,12.95,174,0
34,hats,12.95,13.27,174,1
34,are,13.27,13.34,174,2
34,out,13.34,13.52,174,3
34,of,13.52,13.61,174,4
34,fashion,13.61,14.01,174,5
34,this,14.01,14.24,174,6
34,year,14.24,14.57,174,7
34,why,14.9,16.87,175,0
34,buy,16.87,17.07,175,1
34,oil,17.07,17.41,175,2
34,when,17.41,17.58,175,3
34,you,17.58,17.69,175,4
34,always,17.69,17.99,175,5
34,use,17.99,18.19,175,6
34,mine,18.19,18.58,175,7
35,they,0.49,0.6,176,0
35,enjoy,0.6,0.92,176,1
35,it,0.92,1.02,176,2
35,when,1.02,1.15,176,3
35,i,1.15,1.33,176,4
35,audition,1.33,1.93,176,5
35,would,3.83,3.99,177,0
35,you,3.99,4.11,177,1
35,allow,4.11,4.52,177,2
35,acts,4.52,4.87,177,3
35,of,4.87,4.99,177,4
35,violence,4.99,5.71,177,5
35,how,6.11,7.53,178,0
35,do,7.53,7.69,178,1
35,oysters,7.69,8.1,178,2
35,make,8.1,8.35,178,3
35,pearls,8.35,8.93,178,4
35,draw,10.37,10.56,179,0
35,each,10.56,10.8,179,1
35,graph,10.8,11.13,179,2
35,on,11.13,11.26,179,3
35,a,11.26,11.33,179,4
35,new,11.33,11.53,179,5
35,axis,11.53,12.28,179,6
35,norwegian,13.74,14.24,180,0
35,sweaters,14.24,14.76,180,1
35,are,14.76,14.81,180,2
35,made,14.81,15.02,180,3
35,of,15.02,15.16,180,4
35,lamb's,15.16,15.54,180,5
35,wool,15.54,15.86,180,6
36,young,0.39,0.66,181,0
36,children,0.66,1.1,181,1
36,should,1.1,1.29,181,2
36,avoid,1.29,1.6,181,3
36,exposure,1.6,2.15,181,4
36,to,2.15,2.25,181,5
36,contagious,2.25,2.79,181,6
36,diseases,2.79,3.62,181,7
36,ralph,6.07,6.4,182,0
36,controlled,6.4,6.8,182,1
36,the,6.8,6.87,182,2
36,stopwatch,6.87,7.46,182,3
36,from,7.46,7.61,182,4
36,the,7.61,7.68,182,5
36,bleachers,7.68,8.35,182,6
36,approach,10.91,11.28,183,0
36,your,11.28,11.38,183,1
36,interview,11.38,11.89,183,2
36,with,11.89,12.05,183,3
36,statuesque,12.05,12.71,183,4
36,composure,12.71,13.45,183,5
36,how,13.5,16.08,184,0
36,much,16.08,16.36,184,1
36,allowance,16.36,16.88,184,2
36,do,16.88,17.0,184,3
36,you,17.0,17.08,184,4
36,get,17.08,17.41,184,5
36,the,19.24,19.31,185,0
36,causeway,19.31,19.84,185,1
36,ended,19.84,20.17,185,2
36,abruptly,20.17,20.68,185,3
36,at,20.68,20.81,185,4
36,the,20.81,20.89,185,5
36,shore,20.89,21.35,185,6
37,even,0.54,0.81,186,0
37,i,0.81,0.95,186,1
37,occasionally,0.95,1.53,186,2
37,get,1.53,1.72,186,3
37,the,1.72,1.78,186,4
37,monday,1.78,2.15,186,5
37,blues,2.15,2.74,186,6
37,military,4.69,5.17,187,0
37,personnel,5.17,5.75,187,1
37,are,5.75,5.84,187,2
37,expected,5.84,6.48,187,3
37,to,6.48,6.64,187,4
37,obey,6.64,6.97,187,5
37,government,6.97,7.4,187,6
37,orders,7.4,8.04,187,7
37,when,10.2,10.37,188,0
37,peeling,10.37,10.81,188,1
37,an,10.81,10.97,188,2
37,orange,10.97,11.3,188,3
37,it,11.3,11.43,188,4
37,is,11.43,11.58,188,5
37,hard,11.58,11.83,188,6
37,not,11.83,12.0,188,7
37,to,12.0,12.09,188,8
37,spray,12.09,12.36,188,9
37,juice,12.36,12.92,188,10
37,do,15.38,15.51,189,0
37,you,15.51,15.57,189,1
37,hear,15.57,15.76,189,2
37,the,15.76,15.83,189,3
37,sleigh,15.83,16.08,189,4
37,bells,16.08,16.42,189,5
37,ringing,16.42,16.89,189,6
37,rob,19.22,19.55,190,0
37,sat,19.55,19.85,190,1
37,by,19.85,19.98,190,2
37,the,19.98,20.07,190,3
37,pond,20.07,20.43,190,4
37,and,20.43,20.56,190,5
37,sketched,20.56,21.0,190,6
37,the,21.0,21.07,190,7
37,stray,21.07,21.4,190,8
37,geese,21.4,21.96,190,9
38,michael,0.51,0.87,191,0
38,colored,0.87,1.23,191,1
38,the,1.23,1.29,191,2
38,bedroom,1.29,1.76,191,3
38,wall,1.76,1.95,191,4
38,with,1.95,2.16,191,5
38,crayons,2.16,2.91,191,6
38,only,5.05,5.34,192,0
38,the,5.34,5.44,192,1
38,best,5.44,5.72,192,2
38,players,5.72,6.12,192,3
38,enjoy,6.12,6.4,192,4
38,popularity,6.4,7.48,192,5
38,i,9.03,9.11,193,0
38,gave,9.11,9.35,193,1
38,them,9.35,9.49,193,2
38,several,9.49,9.89,193,3
38,choices,9.89,10.39,193,4
38,and,10.39,10.51,193,5
38,let,10.51,10.66,193,6
38,them,10.66,10.8,193,7
38,set,10.8,11.05,193,8
38,their,11.05,11.18,193,9
38,priorities,11.18,12.15,193,10
38,the,14.76,14.81,194,0
38,news,14.81,15.05,194,1
38,agency,15.05,15.59,194,2
38,hired,15.59,15.92,194,3
38,a,15.92,15.95,194,4
38,great,15.95,16.28,194,5
38,journalist,16.28,17.02,194,6
38,the,18.87,18.93,195,0
38,morning,18.93,19.34,195,1
38,dew,19.34,19.48,195,2
38,on,19.48,19.64,195,3
38,the,19.64,19.69,195,4
38,spider,19.69,20.09,195,5
38,web,20.09,20.34,195,6
38,glistened,20.34,20.72,195,7
38,in,20.72,20.88,195,8
38,the,20.88,20.94,195,9
38,sun,20.94,21.47,195,10
39,the,0.56,0.64,196,0
39,sermon,0.64,1.0,196,1
39,emphasized,1.0,1.73,196,2
39,the,1.73,1.79,196,3
39,need,1.79,2.05,196,4
39,for,2.05,2.22,196,5
39,affirmative,2.22,2.74,196,6
39,action,2.74,3.39,196,7
39,the,5.74,5.8,197,0
39,small,5.8,6.13,197,1
39,boy,6.13,6.4,197,2
39,put,6.4,6.62,197,3
39,the,6.62,6.69,197,4
39,worm,6.69,6.97,197,5
39,on,6.97,7.11,197,6
39,the,7.11,7.35,197,7
39,hook,7.35,7.6,197,8
39,how,7.87,9.93,198,0
39,permanent,9.93,10.55,198,1
39,are,10.55,10.58,198,2
39,their,10.58,10.78,198,3
39,records,10.78,11.51,198,4
39,try,13.26,13.53,199,0
39,to,13.53,13.61,199,1
39,recall,13.61,14.01,199,2
39,the,14.01,14.15,199,3
39,events,14.15,14.64,199,4
39,in,14.64,14.77,199,5
39,chronological,14.77,15.5,199,6
39,order,15.5,16.01,199,7
39,the,17.93,17.99,200,0
39,most,17.99,18.23,200,1
39,reeshent,18.23,18.66,200,2
39,recent,18.69,19.1,200,3
39,geological,19.1,19.76,200,4
39,survey,19.76,20.18,200,5
39,found,20.18,20.44,200,6
39,seismic,20.44,20.92,200,7
39,activity,20.92,21.64,200,8
40,cory,0.82,1.17,201,0
40,attacked,1.17,1.49,201,1
40,the,1.49,1.55,201,2
40,project,1.55,2.1,201,3
40,with,2.13,2.28,201,4
40,extra,2.28,2.62,201,5
40,determination,2.62,3.67,201,6
40,you,5.62,5.81,202,0
40,always,5.81,6.11,202,1
40,come,6.11,6.26,202,2
40,up,6.26,6.45,202,3
40,with,6.45,6.6,202,4
40,pathological,6.6,7.32,202,5
40,examples,7.32,8.15,202,6
40,put,10.17,10.35,203,0
40,the,10.35,10.42,203,1
40,butcher,10.42,10.74,203,2
40,block,10.74,11.05,203,3
40,table,11.05,11.4,203,4
40,in,11.4,11.54,203,5
40,the,11.54,11.62,203,6
40,garage,11.62,12.07,203,7
40,how,12.25,14.53,204,0
40,good,14.53,14.72,204,1
40,is,14.72,14.85,204,2
40,your,14.85,14.98,204,3
40,endurance,14.98,15.81,204,4
40,keep,17.47,17.69,205,0
40,the,17.69,17.79,205,1
40,thermometer,17.79,18.46,205,2
40,under,18.49,18.75,205,3
40,your,18.75,18.9,205,4
40,tongue,18.9,19.36,205,5
41,steph,2.06,2.38,206,0
41,could,2.38,2.55,206,1
41,barely,2.55,2.91,206,2
41,handle,2.91,3.26,206,3
41,the,3.26,3.37,206,4
41,psychological,3.37,4.13,206,5
41,trauma,4.13,4.75,206,6
41,it's,6.87,7.06,207,0
41,healthier,7.06,7.44,207,1
41,to,7.44,7.53,207,2
41,cook,7.53,7.81,207,3
41,without,7.81,8.16,207,4
41,sugar,8.16,8.69,207,5
41,the,10.77,10.83,208,0
41,viewpoint,10.83,11.29,208,1
41,overlooked,11.29,11.76,208,2
41,the,11.76,11.91,208,3
41,ocean,11.91,12.44,208,4
41,are,14.5,14.62,209,0
41,you,14.62,14.74,209,1
41,looking,14.74,15.03,209,2
41,for,15.03,15.14,209,3
41,employment,15.14,15.81,209,4
41,his,17.89,18.08,210,0
41,failure,18.08,18.45,210,1
41,to,18.45,18.57,210,2
41,open,18.57,18.82,210,3
41,the,18.82,18.88,210,4
41,store,18.88,19.16,210,5
41,by,19.16,19.32,210,6
41,eight,19.32,19.6,210,7
41,cost,19.6,19.95,210,8
41,him,19.95,20.05,210,9
41,his,20.05,20.14,210,10
41,job,20.14,20.65,210,11
42,highway,0.0,0.74,211,0
42,and,0.74,0.88,211,1
42,freeway,0.88,1.09,211,2
42,mean,1.09,1.42,211,3
42,the,1.52,1.88,211,4
42,same,1.88,2.23,211,5
42,thing,2.23,2.61,211,6
42,the,4.57,4.64,212,0
42,paper,4.64,5.23,212,1
42,boy,5.45,5.92,212,2
42,bought,5.95,6.32,212,3
42,two,6.32,6.5,212,4
42,apples,6.5,6.92,212,5
42,and,6.92,7.08,212,6
42,three,7.08,7.31,212,7
42,ices,7.31,7.99,212,8
42,i,9.34,9.61,213,0
42,itemize,9.61,9.97,213,1
42,all,9.97,10.18,213,2
42,accounts,10.18,10.59,213,3
42,in,10.59,10.67,213,4
42,my,10.67,10.82,213,5
42,agency,10.82,11.54,213,6
42,clear,12.95,13.19,214,0
42,pronunciation,13.19,13.87,214,1
42,is,13.87,14.01,214,2
42,appreciated,14.01,14.91,214,3
42,the,16.74,16.8,215,0
42,courier,16.8,17.23,215,1
42,was,17.23,17.38,215,2
42,a,17.38,17.46,215,3
42,dwarf,17.46,17.82,215,4
43,a,0.6,0.64,216,0
43,doctor,0.64,1.07,216,1
43,was,1.07,1.28,216,2
43,in,1.28,1.34,216,3
43,the,1.34,1.5,216,4
43,ambulance,1.5,1.95,216,5
43,with,1.95,2.04,216,6
43,the,2.04,2.11,216,7
43,patient,2.11,2.7,216,8
43,puree,5.11,5.42,217,0
43,some,5.42,5.62,217,1
43,fruit,5.62,5.93,217,2
43,before,5.93,6.27,217,3
43,preparing,6.27,6.75,217,4
43,the,6.75,6.81,217,5
43,skewers,6.81,7.49,217,6
43,it's,9.61,9.78,218,0
43,not,9.78,9.96,218,1
43,easy,9.96,10.26,218,2
43,to,10.26,10.36,218,3
43,create,10.36,10.66,218,4
43,illuminating,10.66,11.28,218,5
43,examples,11.28,12.13,218,6
43,the,14.24,14.36,219,0
43,hallway,14.36,14.7,219,1
43,opens,14.7,15.03,219,2
43,into,15.03,15.3,219,3
43,a,15.3,15.35,219,4
43,huge,15.35,15.69,219,5
43,chamber,15.69,16.31,219,6
43,they,18.33,18.45,220,0
43,all,18.45,18.65,220,1
43,agree,18.65,18.96,220,2
43,that,18.96,19.16,220,3
43,the,19.16,19.28,220,4
43,essay,19.28,19.63,220,5
43,is,19.63,19.75,220,6
43,barely,19.75,20.11,220,7
43,intelligible,20.11,20.98,220,8
44,how,0.42,0.6,221,0
44,ancient,0.6,0.92,221,1
44,is,0.92,1.06,221,2
44,this,1.06,1.19,221,3
44,subway,1.19,1.57,221,4
44,escalator,1.57,2.36,221,5
44,the,4.21,4.29,222,0
44,cigarettes,4.29,4.83,222,1
44,in,4.83,5.02,222,2
44,the,5.08,5.18,222,3
44,ashtray,5.18,5.72,222,4
44,overflowed,5.72,6.25,222,5
44,onto,6.25,6.56,222,6
44,the,6.56,6.66,222,7
44,oak,6.66,6.92,222,8
44,table,6.92,7.44,222,9
44,reading,10.27,10.56,223,0
44,in,10.56,10.68,223,1
44,poor,10.68,10.92,223,2
44,light,10.92,11.2,223,3
44,gives,11.2,11.4,223,4
44,you,11.4,11.48,223,5
44,eyestrain,11.48,12.16,223,6
44,i,14.5,14.6,224,0
44,ate,14.6,14.82,224,1
44,every,14.82,15.12,224,2
44,oyster,15.12,15.52,224,3
44,on,15.52,15.67,224,4
44,nora's,15.67,16.04,224,5
44,plate,16.04,16.45,224,6
44,the,18.41,18.47,225,0
44,boston,18.47,18.94,225,1
44,ballet,18.94,19.42,225,2
44,overcame,19.42,19.9,225,3
44,their,19.9,20.03,225,4
44,funding,20.03,20.43,225,5
44,shortage,20.43,21.14,225,6
45,the,0.9,0.97,226,0
45,gorgeous,0.97,1.38,226,1
45,butterfly,1.38,2.06,226,2
45,ate,2.09,2.25,226,3
45,a,2.25,2.32,226,4
45,lot,2.32,2.5,226,5
45,of,2.5,2.58,226,6
45,nectar,2.58,3.18,226,7
45,by,5.23,5.4,227,0
45,eating,5.4,5.71,227,1
45,yogurt,5.71,6.16,227,2
45,you,6.16,6.24,227,3
45,may,6.24,6.39,227,4
45,live,6.39,6.61,227,5
45,longer,6.61,7.15,227,6
45,do,9.13,9.29,228,0
45,they,9.29,9.44,228,1
45,allow,9.44,9.67,228,2
45,atheists,9.67,10.23,228,3
45,in,10.23,10.38,228,4
45,church,10.38,10.94,228,5
45,my,12.67,12.83,229,0
45,ideal,12.83,13.24,229,1
45,morning,13.24,13.68,229,2
45,begins,13.68,14.05,229,3
45,with,14.05,14.21,229,4
45,coffee,14.21,14.77,229,5
45,the,16.96,17.08,230,0
45,irate,17.08,17.39,230,1
45,actor,17.39,17.76,230,2
45,stomped,17.76,18.2,230,3
45,away,18.2,18.4,230,4
45,idiotically,18.4,19.27,230,5
46,we,0.61,0.72,231,0
46,are,0.72,0.86,231,1
46,open,0.86,1.23,231,2
46,every,1.23,1.52,231,3
46,monday,1.52,2.01,231,4
46,evening,2.01,2.51,231,5
46,the,4.13,4.23,232,0
46,essay,4.23,4.51,232,1
46,undeniably,4.51,5.22,232,2
46,reflect,5.22,5.68,232,3
46,reflects,5.94,6.41,232,4
46,our,6.41,6.53,232,5
46,view,6.53,6.74,232,6
46,ably,6.74,7.3,232,7
46,remember,8.56,8.87,233,0
46,to,8.87,9.05,233,1
46,allow,9.05,9.33,233,2
46,identical,9.33,9.91,233,3
46,twins,9.91,10.26,233,4
46,to,10.26,10.37,233,5
46,enter,10.37,10.65,233,6
46,freely,10.65,11.27,233,7
46,do,13.57,13.75,234,0
46,you,13.75,13.86,234,1
46,have,13.86,14.07,234,2
46,the,14.07,14.14,234,3
46,yellow,14.14,14.53,234,4
46,ointment,14.53,14.9,234,5
46,ready,14.9,15.34,234,6
46,can,17.39,17.55,235,0
46,the,17.55,17.66,235,1
46,agency,17.66,18.11,235,2
46,overthrow,18.11,18.6,235,3
46,alien,18.6,19.01,235,4
46,forces,19.01,19.74,235,5
47,how,0.0,1.05,236,0
47,oily,1.05,1.42,236,1
47,do,1.42,1.56,236,2
47,you,1.56,1.64,236,3
47,like,1.64,1.83,236,4
47,your,1.83,1.92,236,5
47,salad,1.92,2.34,236,6
47,dressing,2.34,2.99,236,7
47,we,5.05,5.17,237,0
47,saw,5.17,5.34,237,1
47,eight,5.34,5.67,237,2
47,tiny,5.67,6.02,237,3
47,icicles,6.02,6.56,237,4
47,below,6.56,6.84,237,5
47,our,6.84,7.03,237,6
47,roof,7.03,7.48,237,7
47,the,9.31,9.38,238,0
47,saw,9.38,9.63,238,1
47,is,9.63,9.78,238,2
47,broken,9.78,10.32,238,3
47,so,10.32,10.46,238,4
47,chop,10.46,10.77,238,5
47,the,10.77,10.86,238,6
47,wood,10.86,11.02,238,7
47,instead,11.02,11.56,238,8
47,withdraw,13.52,13.91,239,0
47,only,13.94,14.25,239,1
47,as,14.25,14.36,239,2
47,much,14.36,14.64,239,3
47,money,14.64,14.94,239,4
47,as,14.94,15.1,239,5
47,you,15.1,15.17,239,6
47,need,15.17,15.5,239,7
47,draw,17.77,17.95,240,0
47,every,17.95,18.26,240,1
47,outer,18.26,18.56,240,2
47,line,18.56,18.89,240,3
47,first,18.94,19.31,240,4
47,then,19.31,19.52,240,5
47,fill,19.52,19.73,240,6
47,in,19.73,19.86,240,7
47,in,19.86,20.07,240,8
47,the,20.1,20.26,240,9
47,interior,20.26,20.98,240,10
48,the,1.06,1.14,241,0
48,jaw,1.14,1.42,241,1
48,operates,1.42,1.99,241,2
48,by,1.99,2.1,241,3
48,using,2.1,2.45,241,4
48,antagonistic,2.45,3.34,241,5
48,muscles,3.34,3.97,241,6
48,do,5.68,5.82,242,0
48,atypical,5.82,6.36,242,1
48,farmers,6.36,6.84,242,2
48,grow,6.84,7.26,242,3
48,oats,7.26,7.68,242,4
48,are,9.14,9.25,243,0
48,holiday,9.25,9.58,243,1
48,aprons,9.58,10.06,243,2
48,available,10.06,10.59,243,3
48,to,10.59,10.7,243,4
48,us,10.7,11.19,243,5
48,be,12.75,12.86,244,0
48,careful,12.86,13.2,244,1
48,not,13.2,13.4,244,2
48,to,13.4,13.48,244,3
48,plow,13.48,13.75,244,4
48,over,13.75,14.02,244,5
48,the,14.02,14.11,244,6
48,flower,14.11,14.49,244,7
48,beds,14.49,14.98,244,8
48,allow,17.03,17.32,245,0
48,each,17.32,17.52,245,1
48,child,17.52,17.87,245,2
48,to,17.87,17.97,245,3
48,have,17.97,18.16,245,4
48,an,18.16,18.23,245,5
48,ice,18.23,18.41,245,6
48,pop,18.41,18.75,245,7
49,the,0.57,0.7,246,0
49,angry,0.7,0.98,246,1
49,boy,0.98,1.18,246,2
49,answered,1.18,1.8,246,3
49,but,1.8,1.93,246,4
49,didn't,1.93,2.2,246,5
49,look,2.2,2.4,246,6
49,up,2.4,2.69,246,7
49,cliff,4.82,5.16,247,0
49,was,5.19,5.35,247,1
49,soothed,5.35,5.73,247,2
49,by,5.73,5.88,247,3
49,the,5.88,6.09,247,4
49,luxurious,6.26,6.91,247,5
49,massage,6.91,7.51,247,6
49,steve,9.54,9.94,248,0
49,wore,9.94,10.1,248,1
49,a,10.1,10.16,248,2
49,bright,10.16,10.48,248,3
49,red,10.48,10.71,248,4
49,cashmere,10.71,11.2,248,5
49,sweater,11.2,11.8,248,6
49,john's,13.33,13.67,249,0
49,brother,13.67,14.03,249,1
49,repainted,14.03,14.6,249,2
49,the,14.6,14.66,249,3
49,garage,14.66,15.12,249,4
49,door,15.12,15.55,249,5
49,the,17.59,17.66,250,0
49,rose,17.66,17.91,250,1
49,corsage,17.91,18.53,250,2
49,smelled,18.53,18.8,250,3
49,sweet,18.8,19.21,250,4
50,to,0.69,0.82,251,0
50,further,0.82,1.13,251,1
50,his,1.13,1.32,251,2
50,prestige,1.32,1.98,251,3
50,he,2.1,2.2,251,4
50,orkay,2.2,2.8,251,5
50,casionally,2.8,3.08,251,6
50,reads,3.08,3.41,251,7
50,the,3.41,3.49,251,8
50,wall,3.49,3.7,251,9
50,street,3.7,4.02,251,10
50,journal,4.02,4.47,251,11
50,alice's,6.76,7.16,252,0
50,ability,7.16,7.68,252,1
50,to,7.68,7.88,252,2
50,work,7.88,8.14,252,3
50,without,8.14,8.47,252,4
50,supervision,8.47,9.12,252,5
50,is,9.12,9.26,252,6
50,noteworthy,9.26,9.94,252,7
50,the,12.3,12.43,253,0
50,oasis,12.43,12.89,253,1
50,was,12.89,13.08,253,2
50,a,13.08,13.11,253,3
50,mirage,13.11,13.78,253,4
50,cory,15.34,15.65,254,0
50,and,15.65,15.79,254,1
50,trish,15.79,16.2,254,2
50,played,16.2,16.49,254,3
50,tag,16.49,16.84,254,4
50,with,16.84,17.04,254,5
50,beach,17.04,17.26,254,6
50,balls,17.26,17.51,254,7
50,for,17.51,17.68,254,8
50,hours,17.68,18.31,254,9
50,the,20.2,20.26,255,0
50,tooth,20.26,20.52,255,1
50,fairy,20.52,20.78,255,2
50,forgot,20.78,21.2,255,3
50,to,21.2,21.31,255,4
50,come,21.31,21.56,255,5
50,when,21.56,21.71,255,6
50,roger's,21.71,22.09,255,7
50,tooth,22.09,22.34,255,8
50,fell,22.34,22.56,255,9
50,out,22.56,22.88,255,10
51,planned,0.63,0.9,256,0
51,parenthood,0.9,1.53,256,1
51,organizations,1.53,2.4,256,2
51,promote,2.4,2.97,256,3
51,birth,2.97,3.24,256,4
51,control,3.24,3.78,256,5
51,rich,5.78,6.16,257,0
51,purchased,6.16,6.56,257,1
51,several,6.56,7.08,257,2
51,signed,7.08,7.49,257,3
51,lithographs,7.49,8.34,257,4
51,in,10.0,10.15,258,0
51,every,10.15,10.4,258,1
51,major,10.4,10.73,258,2
51,cloverleaf,10.73,11.5,258,3
51,traffic,11.63,12.05,258,4
51,sometimes,12.05,12.61,258,5
51,gets,12.61,12.83,258,6
51,backed,12.83,13.15,258,7
51,up,13.15,13.39,258,8
51,in,15.71,15.87,259,0
51,the,15.87,15.94,259,1
51,long,15.94,16.24,259,2
51,run,16.24,16.41,259,3
51,it,16.41,16.54,259,4
51,pays,16.54,16.79,259,5
51,to,16.79,16.9,259,6
51,buy,16.9,17.06,259,7
51,quality,17.06,17.55,259,8
51,clothing,17.55,18.18,259,9
51,brush,20.46,20.71,260,0
51,fires,20.71,21.05,260,1
51,are,21.05,21.13,260,2
51,common,21.13,21.6,260,3
51,in,21.6,21.74,260,4
51,the,21.74,21.79,260,5
51,dry,21.79,22.07,260,6
51,underbrush,22.07,22.55,260,7
51,of,22.55,22.65,260,8
51,nevada,22.65,23.28,260,9
52,weatherproof,0.92,1.44,261,0
52,galoshes,1.44,2.15,261,1
52,are,2.22,2.31,261,2
52,very,2.31,2.6,261,3
52,useful,2.6,2.92,261,4
52,in,2.92,3.05,261,5
52,seattle,3.05,3.7,261,6
52,this,5.71,5.86,262,0
52,brochure,5.86,6.2,262,1
52,is,6.2,6.3,262,2
52,particularly,6.3,7.12,262,3
52,informative,7.12,7.76,262,4
52,for,7.76,7.9,262,5
52,a,7.9,7.96,262,6
52,prospective,7.96,8.58,262,7
52,buyer,8.58,9.08,262,8
52,the,11.76,11.85,263,0
52,avalanche,11.85,12.35,263,1
52,triggered,12.35,12.69,263,2
52,a,12.69,12.74,263,3
52,minor,12.74,13.15,263,4
52,earthquake,13.15,13.74,263,5
52,these,16.15,16.32,264,0
52,exclusive,16.32,16.88,264,1
52,documents,16.88,17.5,264,2
52,must,17.5,17.75,264,3
52,be,17.75,17.85,264,4
52,locked,17.85,18.18,264,5
52,up,18.18,18.36,264,6
52,at,18.36,18.46,264,7
52,all,18.46,18.7,264,8
52,times,18.7,19.34,264,9
52,please,21.42,21.69,265,0
52,take,21.69,21.94,265,1
52,this,21.94,22.02,265,2
52,dirty,22.02,22.37,265,3
52,table,22.37,22.7,265,4
52,cloth,22.7,23.02,265,5
52,to,23.02,23.11,265,6
52,the,23.11,23.2,265,7
52,cleaners,23.2,23.65,265,8
52,for,23.65,23.83,265,9
52,me,23.83,24.12,265,10
53,should,0.51,0.74,266,0
53,giraffes,0.74,1.14,266,1
53,be,1.14,1.3,266,2
53,kept,1.3,1.61,266,3
53,in,1.61,1.73,266,4
53,small,1.73,2.07,266,5
53,zoos,2.07,2.57,266,6
53,if,4.41,4.56,267,0
53,carol,4.56,4.86,267,1
53,comes,4.86,5.16,267,2
53,tomorrow,5.16,5.61,267,3
53,have,5.61,5.88,267,4
53,her,5.88,6.01,267,5
53,arrange,6.01,6.32,267,6
53,for,6.32,6.48,267,7
53,a,6.48,6.55,267,8
53,meeting,6.55,6.89,267,9
53,at,6.89,7.04,267,10
53,two,7.04,7.39,267,11
53,the,10.46,10.51,268,0
53,two,10.51,10.74,268,1
53,artists,10.74,11.16,268,2
53,exchanged,11.16,11.63,268,3
53,autographs,11.63,12.43,268,4
53,i'd,14.26,14.44,269,0
53,rather,14.44,14.68,269,1
53,not,14.68,14.92,269,2
53,buy,14.92,15.09,269,3
53,these,15.09,15.26,269,4
53,show,15.26,15.68,269,5
53,shoes,15.68,16.07,269,6
53,than,16.07,16.23,269,7
53,be,16.23,16.38,269,8
53,overcharged,16.38,17.25,269,9
53,shaving,19.23,19.66,270,0
53,cream,19.66,19.85,270,1
53,is,19.85,19.95,270,2
53,a,19.95,19.99,270,3
53,popular,19.99,20.53,270,4
53,item,20.53,20.81,270,5
53,on,20.81,20.96,270,6
53,halloween,20.96,21.6,270,7
54,amoebas,0.46,0.85,271,0
54,change,0.85,1.23,271,1
54,shape,1.23,1.52,271,2
54,constantly,1.52,2.31,271,3
54,tofu,3.88,4.19,272,0
54,is,4.19,4.36,272,1
54,made,4.36,4.58,272,2
54,from,4.58,4.76,272,3
54,processed,4.76,5.28,272,4
54,soybeans,5.28,5.93,272,5
54,the,7.76,7.82,273,0
54,bluejay,7.82,8.29,273,1
54,flew,8.29,8.56,273,2
54,over,8.56,8.78,273,3
54,the,8.78,8.93,273,4
54,high,8.93,9.12,273,5
54,building,9.12,9.71,273,6
54,cheap,11.9,12.15,274,0
54,stockings,12.15,12.74,274,1
54,run,12.74,12.98,274,2
54,the,12.98,13.04,274,3
54,first,13.04,13.33,274,4
54,time,13.33,13.56,274,5
54,they're,13.56,13.7,274,6
54,worn,13.7,14.15,274,7
54,cottage,16.53,16.91,275,0
54,cheese,16.91,17.12,275,1
54,with,17.12,17.25,275,2
54,chives,17.25,17.63,275,3
54,is,17.63,17.76,275,4
54,delicious,17.76,18.48,275,5
55,a,0.67,0.72,276,0
55,chosen,0.72,1.17,276,1
55,few,1.17,1.38,276,2
55,will,1.38,1.55,276,3
55,become,1.55,1.88,276,4
55,generals,1.88,2.51,276,5
55,the,4.19,4.24,277,0
55,meeting,4.24,4.54,277,1
55,is,4.54,4.66,277,2
55,now,4.66,4.89,277,3
55,adjourned,4.89,5.38,277,4
55,shipbuilding,7.42,7.99,278,0
55,is,7.99,8.14,278,1
55,a,8.14,8.17,278,2
55,most,8.17,8.4,278,3
55,fascinating,8.4,9.08,278,4
55,process,9.08,9.77,278,5
55,the,11.88,11.95,279,0
55,proof,11.95,12.24,279,1
55,that,12.24,12.35,279,2
55,you,12.35,12.48,279,3
55,are,12.48,12.57,279,4
55,not,12.57,12.83,279,5
55,that,12.95,13.14,279,6
55,you,13.14,13.26,279,7
55,are,13.26,13.34,279,8
55,seeking,13.34,13.75,279,9
55,is,13.75,13.91,279,10
55,not,13.91,14.11,279,11
55,available,14.11,14.66,279,12
55,in,14.66,14.81,279,13
55,books,14.81,15.33,279,14
55,the,18.25,18.35,280,0
55,hood,18.35,18.48,280,1
55,of,18.48,18.57,280,2
55,the,18.57,18.64,280,3
55,jeep,18.64,18.95,280,4
55,was,18.95,19.06,280,5
55,steaming,19.06,19.48,280,6
55,in,19.48,19.61,280,7
55,the,19.61,19.71,280,8
55,hot,19.71,19.93,280,9
55,sun,19.93,20.46,280,10
56,my,0.73,0.87,281,0
56,desires,0.87,1.36,281,1
56,are,1.36,1.45,281,2
56,simple,1.45,1.91,281,3
56,give,1.91,2.11,281,4
56,me,2.11,2.23,281,5
56,one,2.23,2.43,281,6
56,informative,2.43,3.02,281,7
56,paragraph,3.02,3.55,281,8
56,on,3.55,3.68,281,9
56,the,3.68,3.74,281,10
56,subject,3.74,4.45,281,11
56,those,7.43,7.63,282,0
56,answers,7.63,8.02,282,1
56,will,8.02,8.12,282,2
56,be,8.12,8.23,282,3
56,straightforward,8.23,8.99,282,4
56,if,8.99,9.16,282,5
56,you,9.16,9.24,282,6
56,think,9.24,9.47,282,7
56,them,9.47,9.64,282,8
56,through,9.64,9.82,282,9
56,carefully,9.82,10.28,282,10
56,first,10.28,10.93,282,11
56,drop,14.27,14.61,283,0
56,five,14.61,14.84,283,1
56,forms,14.84,15.16,283,2
56,in,15.16,15.23,283,3
56,the,15.23,15.28,283,4
56,box,15.28,15.59,283,5
56,before,15.59,15.88,283,6
56,you,15.88,16.02,283,7
56,go,16.02,16.18,283,8
56,out,16.18,16.48,283,9
56,if,19.1,19.21,284,0
56,people,19.21,19.5,284,1
56,were,19.5,19.6,284,2
56,more,19.6,19.78,284,3
56,generous,19.78,20.37,284,4
56,there,20.37,20.49,284,5
56,would,20.49,20.6,284,6
56,be,20.6,20.72,284,7
56,no,20.72,20.91,284,8
56,need,20.91,21.12,284,9
56,for,21.12,21.27,284,10
56,welfare,21.27,21.89,284,11
56,bob,24.91,25.16,285,0
56,found,25.16,25.37,285,1
56,more,25.37,25.52,285,2
56,clams,25.52,25.93,285,3
56,at,25.93,26.05,285,4
56,the,26.05,26.18,285,5
56,ocean's,26.18,26.58,285,6
56,edge,26.58,27.0,285,7
57,that,0.53,0.71,286,0
57,dog,0.71,0.95,286,1
57,chases,0.95,1.32,286,2
57,cats,1.32,1.63,286,3
57,mercilessly,1.63,2.4,286,4
57,the,4.21,4.28,287,0
57,cranberry,4.28,4.76,287,1
57,bog,4.76,5.05,287,2
57,gets,5.05,5.23,287,3
57,very,5.23,5.47,287,4
57,pretty,5.47,5.77,287,5
57,in,5.77,5.86,287,6
57,autumn,5.86,6.4,287,7
57,a,8.63,8.71,288,0
57,big,8.71,8.99,288,1
57,goat,8.99,9.26,288,2
57,idly,9.29,9.69,288,3
57,ambled,9.69,10.11,288,4
57,through,10.11,10.25,288,5
57,the,10.25,10.33,288,6
57,farmyard,10.33,10.96,288,7
57,the,13.01,13.07,289,0
57,nearest,13.07,13.42,289,1
57,synagogue,13.42,13.94,289,2
57,may,13.94,14.11,289,3
57,not,14.11,14.32,289,4
57,be,14.32,14.47,289,5
57,within,14.47,14.78,289,6
57,walking,14.78,15.15,289,7
57,distance,15.15,15.85,289,8
57,the,18.39,18.45,290,0
57,groundhog,18.45,18.97,290,1
57,clearly,18.97,19.28,290,2
57,saw,19.28,19.53,290,3
57,his,19.53,19.67,290,4
57,shadow,19.67,20.24,290,5
57,but,20.27,20.43,290,6
57,stayed,20.43,20.69,290,7
57,out,20.69,20.85,290,8
57,only,20.85,21.16,290,9
57,a,21.16,21.22,290,10
57,moment,21.22,21.69,290,11
58,a,0.45,0.52,291,0
58,leather,0.52,0.81,291,1
58,handbag,0.81,1.34,291,2
58,would,1.34,1.46,291,3
58,be,1.46,1.58,291,4
58,a,1.58,1.63,291,5
58,suitable,1.63,2.12,291,6
58,gift,2.12,2.62,291,7
58,the,4.69,4.75,292,0
58,fog,4.75,5.04,292,1
58,prevented,5.04,5.49,292,2
58,them,5.49,5.67,292,3
58,from,5.67,5.89,292,4
58,arriving,5.89,6.32,292,5
58,on,6.32,6.49,292,6
58,time,6.49,6.95,292,7
58,the,9.25,9.35,293,0
58,local,9.35,9.66,293,1
58,drugstore,9.66,10.17,293,2
58,was,10.17,10.31,293,3
58,charged,10.31,10.7,293,4
58,with,10.7,10.85,293,5
58,illegally,10.85,11.28,293,6
58,dispensing,11.28,11.87,293,7
58,tranquilizers,11.87,12.96,293,8
58,the,15.94,16.01,294,0
58,full,16.01,16.26,294,1
58,moon,16.26,16.51,294,2
58,shone,16.51,16.81,294,3
58,brightly,16.81,17.16,294,4
58,that,17.16,17.41,294,5
58,night,17.41,17.74,294,6
58,steve,19.83,20.15,295,0
58,collects,20.15,20.55,295,1
58,rare,20.55,20.82,295,2
58,and,20.82,20.94,295,3
58,novel,20.94,21.25,295,4
58,coins,21.25,21.95,295,5
59,al,0.6,0.8,296,0
59,received,0.8,1.16,296,1
59,a,1.16,1.2,296,2
59,joint,1.2,1.49,296,3
59,appointment,1.49,2.07,296,4
59,in,2.07,2.14,296,5
59,the,2.14,2.19,296,6
59,biology,2.19,2.64,296,7
59,and,2.64,2.77,296,8
59,the,2.77,2.87,296,9
59,engineering,2.87,3.43,296,10
59,departments,3.43,4.25,296,11
59,gregory,7.73,8.11,297,0
59,and,8.11,8.27,297,1
59,tom,8.27,8.65,297,2
59,chose,8.65,8.91,297,3
59,to,8.91,9.01,297,4
59,watch,9.01,9.24,297,5
59,cartoons,9.24,9.75,297,6
59,in,9.75,9.82,297,7
59,the,9.82,9.93,297,8
59,afternoon,9.93,10.6,297,9
59,chip,13.27,13.48,298,0
59,postponed,13.48,14.0,298,1
59,aliminy,14.0,14.53,298,2
59,alimony,14.76,15.21,298,3
59,payments,15.21,15.67,298,4
59,until,15.67,15.88,298,5
59,the,15.88,15.98,298,6
59,latest,15.98,16.36,298,7
59,possible,16.36,16.79,298,8
59,date,16.79,17.13,298,9
59,count,19.13,19.39,299,0
59,the,19.39,19.44,299,1
59,number,19.44,19.68,299,2
59,of,19.68,19.79,299,3
59,teaspoons,19.79,20.26,299,4
59,of,20.26,20.33,299,5
59,soysauce,20.33,21.18,299,6
59,that,21.22,21.4,299,7
59,you,21.4,21.52,299,8
59,add,21.52,21.84,299,9
59,the,24.37,24.42,300,0
59,big,24.42,24.67,300,1
59,dog,24.67,24.96,300,2
59,loved,24.96,25.16,300,3
59,to,25.16,25.26,300,4
59,chew,25.26,25.51,300,5
59,on,25.51,25.68,300,6
59,the,25.68,25.78,300,7
59,old,25.78,26.04,300,8
59,rag,26.04,26.35,300,9
59,doll,26.35,26.77,300,10
60,todd,0.7,0.96,301,0
60,placed,0.99,1.29,301,1
60,top,1.29,1.51,301,2
60,priority,1.51,2.05,301,3
60,on,2.05,2.19,301,4
60,getting,2.19,2.42,301,5
60,his,2.42,2.54,301,6
60,bike,2.54,2.82,301,7
60,fixed,2.82,3.32,301,8
60,an,5.47,5.55,302,0
60,adult,5.55,5.9,302,1
60,male,5.9,6.08,302,2
60,baboon's,6.08,6.6,302,3
60,teeth,6.6,6.85,302,4
60,are,6.85,6.91,302,5
60,not,6.91,7.16,302,6
60,suitable,7.16,7.59,302,7
60,for,7.59,7.74,302,8
60,eating,7.74,7.96,302,9
60,shellfish,7.96,8.69,302,10
60,often,11.81,12.12,303,0
60,you'll,12.12,12.24,303,1
60,get,12.24,12.51,303,2
60,back,12.51,12.74,303,3
60,more,12.74,12.97,303,4
60,than,12.97,13.14,303,5
60,you,13.14,13.24,303,6
60,put,13.24,13.45,303,7
60,in,13.45,13.78,303,8
60,gus,16.15,16.34,304,0
60,saw,16.34,16.5,304,1
60,pine,16.5,16.81,304,2
60,trees,16.81,17.09,304,3
60,and,17.09,17.25,304,4
60,redwoods,17.25,17.68,304,5
60,on,17.68,17.81,304,6
60,his,17.81,17.98,304,7
60,walk,17.98,18.22,304,8
60,through,18.22,18.34,304,9
60,sequoia,18.34,18.89,304,10
60,national,18.89,19.32,304,11
60,forest,19.32,20.01,304,12
60,bob,22.91,23.13,305,0
60,bandaged,23.13,23.62,305,1
60,both,23.62,23.94,305,2
60,wounds,23.94,24.25,305,3
60,with,24.25,24.34,305,4
60,the,24.34,24.39,305,5
60,skill,24.39,24.61,305,6
60,of,24.61,24.75,305,7
60,a,24.75,24.8,305,8
60,doctor,24.8,25.44,305,9
61,the,0.31,0.42,306,0
61,dark,0.42,0.78,306,1
61,murky,0.78,1.1,306,2
61,lagoon,1.1,1.6,306,3
61,wound,1.6,1.89,306,4
61,around,1.89,2.24,306,5
61,for,2.24,2.34,306,6
61,miles,2.34,2.98,306,7
61,did,4.96,5.16,307,0
61,shawn,5.16,5.48,307,1
61,catch,5.48,5.78,307,2
61,that,5.78,5.98,307,3
61,big,5.98,6.17,307,4
61,goose,6.17,6.43,307,5
61,without,6.43,6.74,307,6
61,an,6.74,6.9,307,7
61,help,6.98,7.33,307,8
61,ducks,9.38,9.69,308,0
61,have,9.69,9.88,308,1
61,webbed,9.88,10.11,308,2
61,feet,10.11,10.39,308,3
61,and,10.39,10.52,308,4
61,colorful,10.52,10.94,308,5
61,feathers,10.94,11.58,308,6
61,the,13.89,14.0,309,0
61,high,14.0,14.14,309,1
61,security,14.14,14.64,309,2
61,prison,14.64,15.09,309,3
61,was,15.09,15.2,309,4
61,surrounded,15.2,15.66,309,5
61,by,15.66,15.8,309,6
61,barbed,15.8,16.21,309,7
61,wire,16.21,16.7,309,8
61,take,19.19,19.45,310,0
61,charge,19.45,19.73,310,1
61,of,19.73,19.84,310,2
61,choosing,19.84,20.32,310,3
61,her,20.32,20.41,310,4
61,bridesmaids,20.41,21.01,310,5
61,gowns,21.01,21.47,310,6
62,the,1.1,1.16,311,0
62,frightened,1.16,1.52,311,1
62,child,1.52,1.87,311,2
62,was,1.87,2.02,311,3
62,gently,2.02,2.39,311,4
62,subdued,2.39,2.87,311,5
62,by,2.87,3.03,311,6
62,his,3.03,3.17,311,7
62,big,3.17,3.45,311,8
62,brother,3.45,3.92,311,9
62,i,7.08,7.15,312,0
62,know,7.15,7.3,312,1
62,i,7.3,7.43,312,2
62,didn't,7.43,7.67,312,3
62,meet,7.67,7.88,312,4
62,her,7.88,8.05,312,5
62,early,8.05,8.24,312,6
62,enough,8.24,8.57,312,7
62,the,10.69,10.76,313,0
62,barracuda,10.76,11.36,313,1
62,recoiled,11.36,11.95,313,2
62,from,11.95,12.13,313,3
62,the,12.13,12.18,313,4
62,serpent's,12.18,12.59,313,5
62,poisonous,12.59,13.09,313,6
62,fangs,13.09,13.68,313,7
62,the,16.03,16.08,314,0
62,patient,16.08,16.5,314,1
62,and,16.5,16.63,314,2
62,the,16.63,16.68,314,3
62,surgeon,16.68,17.24,314,4
62,are,17.27,17.36,314,5
62,both,17.36,17.69,314,6
62,recuperating,17.69,18.41,314,7
62,from,18.41,18.59,314,8
62,the,18.59,18.66,314,9
62,lengthy,18.66,19.05,314,10
62,operation,19.05,19.8,314,11
62,i'll,23.11,23.23,315,0
62,have,23.23,23.35,315,1
62,a,23.35,23.39,315,2
62,scoop,23.39,23.74,315,3
62,of,23.74,23.87,315,4
62,that,23.87,24.01,315,5
62,exotic,24.01,24.55,315,6
62,purple,24.55,24.88,315,7
62,and,24.88,25.02,315,8
62,turquoise,25.02,25.48,315,9
62,sherbet,25.48,25.95,315,10
63,the,0.55,0.61,316,0
63,preschooler,0.61,1.18,316,1
63,couldn't,1.18,1.39,316,2
63,verbalize,1.39,1.89,316,3
63,her,1.89,1.98,316,4
63,feelings,1.98,2.39,316,5
63,about,2.39,2.65,316,6
63,the,2.65,2.72,316,7
63,emergency,2.72,3.35,316,8
63,conditions,3.35,4.16,316,9
63,many,7.62,7.9,317,0
63,wealthy,7.9,8.2,317,1
63,tycoons,8.2,8.72,317,2
63,splurged,8.72,9.44,317,3
63,and,9.44,9.62,317,4
63,bought,9.62,9.83,317,5
63,both,9.83,10.01,317,6
63,a,10.01,10.05,317,7
63,yacht,10.05,10.33,317,8
63,and,10.33,10.48,317,9
63,a,10.48,10.53,317,10
63,schooner,10.53,11.13,317,11
63,the,14.27,14.33,318,0
63,new,14.33,14.47,318,1
63,suburbanites,14.47,15.2,318,2
63,worked,15.2,15.43,318,3
63,hard,15.43,15.68,318,4
63,on,15.68,15.84,318,5
63,refurbishing,15.84,16.54,318,6
63,their,16.54,16.66,318,7
63,older,16.66,16.96,318,8
63,home,16.96,17.35,318,9
63,according,20.23,20.61,319,0
63,to,20.61,20.72,319,1
63,my,20.72,20.84,319,2
63,interpretation,20.84,21.53,319,3
63,of,21.53,21.65,319,4
63,the,21.65,21.72,319,5
63,problem,21.72,22.46,319,6
63,two,22.62,22.78,319,7
63,lines,22.78,23.08,319,8
63,must,23.08,23.32,319,9
63,be,23.32,23.43,319,10
63,perpendicular,23.43,24.4,319,11
63,a,27.22,27.3,320,0
63,connoisseur,27.3,27.8,320,1
63,will,27.8,27.95,320,2
63,enjoy,27.95,28.29,320,3
63,this,28.29,28.42,320,4
63,shellfish,28.42,28.93,320,5
63,dish,28.93,29.42,320,6
64,a,0.57,0.61,321,0
64,lawyer,0.61,0.9,321,1
64,was,0.9,1.08,321,2
64,appointed,1.08,1.58,321,3
64,to,1.58,1.69,321,4
64,execute,1.69,2.18,321,5
64,her,2.18,2.31,321,6
64,will,2.31,2.68,321,7
64,dolphins,4.9,5.32,322,0
64,are,5.32,5.38,322,1
64,intelligent,5.38,5.93,322,2
64,marine,5.93,6.28,322,3
64,mammals,6.28,6.93,322,4
64,diane,9.04,9.37,323,0
64,may,9.37,9.49,323,1
64,splurge,9.49,9.91,323,2
64,and,9.91,10.01,323,3
64,buy,10.01,10.09,323,4
64,a,10.09,10.2,323,5
64,turquoise,10.2,10.71,323,6
64,necklace,10.71,11.34,323,7
64,the,13.66,13.72,324,0
64,moisture,13.72,14.11,324,1
64,in,14.11,14.17,324,2
64,my,14.17,14.32,324,3
64,eyes,14.32,14.57,324,4
64,is,14.57,14.68,324,5
64,from,14.68,14.84,324,6
64,eyedrops,14.84,15.5,324,7
64,not,15.5,15.71,324,8
64,from,15.71,15.9,324,9
64,tears,15.9,16.46,324,10
64,george,18.92,19.2,325,0
64,seldom,19.2,19.66,325,1
64,watches,19.66,20.05,325,2
64,daytime,20.05,20.49,325,3
64,movies,20.49,21.1,325,4
65,the,0.86,0.94,326,0
65,system,0.94,1.34,326,1
65,may,1.34,1.48,326,2
65,break,1.48,1.74,326,3
65,down,1.74,1.98,326,4
65,soon,1.98,2.37,326,5
65,so,2.37,2.52,326,6
65,save,2.52,2.79,326,7
65,your,2.79,2.88,326,8
65,files,2.88,3.23,326,9
65,frequently,3.23,3.92,326,10
65,i,6.79,6.86,327,0
65,assume,6.86,7.19,327,1
65,moisture,7.19,7.59,327,2
65,will,7.59,7.71,327,3
65,damage,7.71,8.21,327,4
65,this,8.21,8.32,327,5
65,ship's,8.32,8.6,327,6
65,shul,8.6,8.87,327,7
65,hull,8.99,9.28,327,8
65,the,11.36,11.44,328,0
65,annoying,11.44,11.82,328,1
65,raccoons,11.82,12.34,328,2
65,slipped,12.34,12.66,328,3
65,into,12.66,12.83,328,4
65,phil's,12.83,13.11,328,5
65,garden,13.11,13.5,328,6
65,every,13.5,13.75,328,7
65,night,13.75,14.12,328,8
65,the,16.99,17.05,329,0
65,cow,17.05,17.3,329,1
65,wandered,17.3,17.79,329,2
65,from,17.79,17.93,329,3
65,the,17.93,18.0,329,4
65,farmland,18.0,18.6,329,5
65,and,18.6,18.69,329,6
65,became,18.69,19.04,329,7
65,lost,19.04,19.56,329,8
65,each,22.03,22.24,330,0
65,untimely,22.24,22.98,330,1
65,income,22.98,23.41,330,2
65,loss,23.41,23.7,330,3
65,coincided,23.7,24.42,330,4
65,with,24.42,24.56,330,5
65,the,24.56,24.62,330,6
65,breakdown,24.62,25.24,330,7
65,of,25.24,25.35,330,8
65,a,25.35,25.39,330,9
65,heating,25.39,25.71,330,10
65,system,25.71,26.1,330,11
65,part,26.1,26.41,330,12
66,the,0.46,0.54,331,0
66,gunman,0.54,0.99,331,1
66,kept,0.99,1.22,331,2
66,his,1.22,1.38,331,3
66,victim,1.38,1.74,331,4
66,cornered,1.74,2.19,331,5
66,at,2.19,2.3,331,6
66,gunpoint,2.3,2.76,331,7
66,for,2.79,2.93,331,8
66,three,2.93,3.21,331,9
66,hours,3.21,3.76,331,10
66,will,6.5,6.67,332,0
66,you,6.67,6.78,332,1
66,please,6.78,7.1,332,2
66,confirm,7.1,7.57,332,3
66,government,7.57,8.05,332,4
66,policy,8.05,8.58,332,5
66,regarding,8.58,9.13,332,6
66,waste,9.13,9.42,332,7
66,removal,9.42,10.0,332,8
66,the,12.59,12.68,333,0
66,surplus,12.68,13.13,333,1
66,shoes,13.13,13.46,333,2
66,were,13.46,13.57,333,3
66,sold,13.57,13.9,333,4
66,in,13.9,14.18,333,5
66,at,14.18,14.24,333,6
66,a,14.28,14.38,333,7
66,dis,14.38,14.82,333,8
66,discount,15.07,15.64,333,9
66,price,15.64,16.16,333,10
66,lori's,17.44,17.79,334,0
66,costume,17.79,18.25,334,1
66,needed,18.25,18.55,334,2
66,black,18.55,18.82,334,3
66,gloves,18.82,19.09,334,4
66,to,19.09,19.21,334,5
66,be,19.21,19.32,334,6
66,completely,19.32,19.79,334,7
66,elegant,19.79,20.3,334,8
66,bob,23.02,23.28,335,0
66,papered,23.28,23.62,335,1
66,over,23.62,23.83,335,2
66,the,23.83,23.95,335,3
66,living,23.95,24.31,335,4
66,room,24.31,24.51,335,5
66,murals,24.51,25.19,335,6
67,that,1.0,1.14,336,0
67,noise,1.14,1.4,336,1
67,problem,1.4,1.76,336,2
67,grows,1.76,2.02,336,3
67,more,2.02,2.23,336,4
67,annoying,2.23,2.62,336,5
67,each,2.62,2.83,336,6
67,day,2.83,3.29,336,7
67,right,5.81,6.08,337,0
67,now,6.08,6.26,337,1
67,may,6.26,6.41,337,2
67,not,6.41,6.66,337,3
67,be,6.66,6.76,337,4
67,the,6.76,6.86,337,5
67,best,6.86,7.15,337,6
67,time,7.15,7.34,337,7
67,for,7.34,7.47,337,8
67,business,7.47,7.89,337,9
67,mergers,7.89,8.52,337,10
67,that,10.95,11.13,338,0
67,diagram,11.13,11.59,338,1
67,makes,11.59,11.79,338,2
67,sense,11.79,12.1,338,3
67,only,12.13,12.44,338,4
67,after,12.44,12.74,338,5
67,much,12.74,13.06,338,6
67,study,13.06,13.54,338,7
67,a,15.54,15.64,339,0
67,boring,15.64,16.0,339,1
67,novel,16.0,16.31,339,2
67,is,16.31,16.45,339,3
67,a,16.45,16.52,339,4
67,superb,16.52,17.01,339,5
67,sleeping,17.01,17.58,339,6
67,pill,17.58,17.93,339,7
67,john,19.75,20.05,340,0
67,cleans,20.05,20.28,340,1
67,sh,20.28,20.43,340,2
67,shellfish,20.76,21.28,340,3
67,for,21.28,21.41,340,4
67,a,21.41,21.49,340,5
67,living,21.49,21.96,340,6
68,women,0.63,0.94,341,0
68,may,0.94,1.05,341,1
68,never,1.05,1.55,341,2
68,become,1.89,2.27,341,3
68,completely,2.27,2.79,341,4
68,equal,2.79,3.15,341,5
68,to,3.15,3.3,341,6
68,men,3.3,3.68,341,7
68,she,5.23,5.41,342,0
68,always,5.41,5.65,342,1
68,jokes,5.65,6.0,342,2
68,about,6.0,6.21,342,3
68,too,6.21,6.33,342,4
68,much,6.33,6.58,342,5
68,garlic,6.58,6.91,342,6
68,in,6.91,6.97,342,7
68,his,6.97,7.15,342,8
68,food,7.15,7.56,342,9
68,i,10.17,10.24,343,0
68,just,10.24,10.55,343,1
68,saw,10.55,10.8,343,2
68,jim,10.8,11.13,343,3
68,near,11.13,11.32,343,4
68,the,11.32,11.42,343,5
68,new,11.42,11.6,343,6
68,archeological,11.6,12.33,343,7
68,museum,12.33,12.99,343,8
68,pam,15.05,15.29,344,0
68,gives,15.29,15.49,344,1
68,driving,15.49,15.88,344,2
68,lessons,15.88,16.28,344,3
68,on,16.28,16.44,344,4
68,thursday,16.44,17.06,344,5
68,why,17.09,19.24,345,0
68,charge,19.24,19.53,345,1
68,money,19.53,19.81,345,2
68,for,19.81,19.92,345,3
68,such,19.92,20.27,345,4
68,garbage,20.27,20.92,345,5
69,we,0.9,1.01,346,0
69,welcome,1.01,1.39,346,1
69,many,1.39,1.63,346,2
69,new,1.63,1.79,346,3
69,students,1.79,2.23,346,4
69,each,2.23,2.46,346,5
69,year,2.46,2.8,346,6
69,george,4.73,4.95,347,0
69,is,4.95,5.05,347,1
69,paranoid,5.05,5.57,347,2
69,about,5.57,5.79,347,3
69,a,5.79,5.84,347,4
69,future,5.84,6.19,347,5
69,gas,6.19,6.52,347,6
69,shortage,6.52,7.23,347,7
69,the,9.3,9.36,348,0
69,carpet,9.36,9.78,348,1
69,cleaners,9.78,10.08,348,2
69,shampooed,10.08,10.54,348,3
69,our,10.54,10.67,348,4
69,oriental,10.67,11.23,348,5
69,rug,11.23,11.58,348,6
69,please,14.04,14.33,349,0
69,shorten,14.33,14.67,349,1
69,this,14.67,14.79,349,2
69,skirt,14.79,15.12,349,3
69,for,15.12,15.2,349,4
69,joyce,15.2,15.75,349,5
69,his,17.69,17.82,350,0
69,shoulder,17.82,18.15,350,1
69,felt,18.15,18.48,350,2
69,as,18.48,18.59,350,3
69,if,18.59,18.8,350,4
69,it,18.8,19.0,350,5
69,were,19.0,19.15,350,6
69,broken,19.15,19.8,350,7
70,which,0.0,1.12,351,0
70,church,1.12,1.46,351,1
70,do,1.46,1.58,351,2
70,the,1.58,1.67,351,3
70,smiths,1.67,2.1,351,4
70,worship,2.1,2.51,351,5
70,in,2.51,2.78,351,6
70,the,4.72,4.77,352,0
70,giant,4.77,5.14,352,1
70,redwoods,5.14,5.57,352,2
70,shimmered,5.57,5.97,352,3
70,in,5.97,6.09,352,4
70,the,6.09,6.15,352,5
70,glistening,6.15,6.6,352,6
70,sun,6.6,7.11,352,7
70,her,7.16,9.74,353,0
70,right,9.74,10.0,353,1
70,hand,10.0,10.25,353,2
70,aches,10.28,10.56,353,3
70,whenever,10.56,10.9,353,4
70,the,10.9,10.99,353,5
70,barometric,10.99,11.67,353,6
70,pressure,11.67,12.01,353,7
70,changes,12.01,12.77,353,8
70,they,15.46,15.59,354,0
70,own,15.59,15.77,354,1
70,a,15.77,15.82,354,2
70,big,15.82,16.1,354,3
70,house,16.1,16.4,354,4
70,in,16.4,16.48,354,5
70,the,16.48,16.56,354,6
70,remote,16.56,16.89,354,7
70,countryside,16.89,17.63,354,8
70,he,20.17,20.26,355,0
70,picked,20.26,20.52,355,1
70,up,20.52,20.62,355,2
70,nine,20.62,20.97,355,3
70,pairs,20.97,21.21,355,4
70,of,21.21,21.32,355,5
70,socks,21.32,21.7,355,6
70,for,21.7,21.84,355,7
70,each,21.84,22.1,355,8
70,brother,22.1,22.54,355,9
71,they,1.1,1.21,356,0
71,all,1.21,1.41,356,1
71,like,1.41,1.66,356,2
71,long,1.66,1.94,356,3
71,hot,1.94,2.23,356,4
71,showers,2.23,2.88,356,5
71,a,4.25,4.32,357,0
71,young,4.32,4.64,357,1
71,mouse,4.64,4.94,357,2
71,scampered,4.94,5.39,357,3
71,across,5.39,5.71,357,4
71,the,5.71,5.77,357,5
71,field,5.77,6.17,357,6
71,and,6.17,6.3,357,7
71,disappeared,6.3,6.97,357,8
71,she,9.61,9.8,358,0
71,uses,9.8,10.11,358,1
71,both,10.11,10.39,358,2
71,names,10.39,10.69,358,3
71,interchangeably,10.69,11.75,358,4
71,calcium,13.34,13.82,359,0
71,makes,13.82,14.04,359,1
71,bones,14.04,14.4,359,2
71,and,14.4,14.55,359,3
71,teeth,14.55,14.81,359,4
71,strong,14.81,15.34,359,5
71,the,17.19,17.27,360,0
71,fish,17.27,17.54,360,1
71,began,17.54,17.8,360,2
71,to,17.8,17.92,360,3
71,leap,17.92,18.15,360,4
71,frantically,18.15,18.69,360,5
71,on,18.69,18.81,360,6
71,the,18.81,18.87,360,7
71,surface,18.87,19.29,360,8
71,of,19.29,19.39,360,9
71,a,19.39,19.43,360,10
71,small,19.43,19.78,360,11
71,lake,19.78,20.17,360,12
72,tim,1.09,1.3,361,0
72,takes,1.3,1.56,361,1
72,sheila,1.56,1.85,361,2
72,to,1.85,1.92,361,3
72,see,1.92,2.13,361,4
72,movies,2.13,2.57,361,5
72,twice,2.57,2.91,361,6
72,a,2.91,2.96,361,7
72,week,2.96,3.35,361,8
72,they,5.36,5.44,362,0
72,assume,5.44,5.78,362,1
72,no,5.78,5.93,362,2
72,burglar,5.93,6.28,362,3
72,will,6.28,6.45,362,4
72,ever,6.45,6.66,362,5
72,enter,6.66,6.96,362,6
72,here,6.96,7.41,362,7
72,just,10.01,10.25,363,0
72,drop,10.25,10.44,363,1
72,notices,10.44,10.97,363,2
72,in,10.97,11.08,363,3
72,any,11.08,11.26,363,4
72,suggestion,11.26,11.91,363,5
72,box,11.91,12.47,363,6
72,the,13.85,13.91,364,0
72,taxicab,13.91,14.55,364,1
72,broke,14.55,14.78,364,2
72,down,14.78,15.01,364,3
72,and,15.01,15.12,364,4
72,caused,15.12,15.43,364,5
72,a,15.43,15.47,364,6
72,caf,15.47,15.84,364,7
72,traffic,15.84,16.25,364,8
72,jam,16.25,16.61,364,9
72,we'll,18.9,19.02,365,0
72,serve,19.02,19.32,365,1
72,rhubarb,19.32,19.68,365,2
72,pie,19.68,19.92,365,3
72,after,19.92,20.2,365,4
72,rachel's,20.2,20.61,365,5
72,talk,20.61,21.03,365,6
73,her,0.97,1.04,366,0
73,wardrobe,1.04,1.47,366,1
73,consists,1.47,1.96,366,2
73,of,1.96,2.1,366,3
73,only,2.1,2.36,366,4
73,skirts,2.36,2.71,366,5
73,and,2.71,2.84,366,6
73,blouses,2.84,3.52,366,7
73,barb,5.78,6.09,367,0
73,burned,6.09,6.37,367,1
73,paper,6.37,6.79,367,2
73,and,6.79,6.95,367,3
73,leaves,6.95,7.23,367,4
73,in,7.23,7.34,367,5
73,a,7.34,7.4,367,6
73,big,7.4,7.64,367,7
73,bonfire,7.64,8.41,367,8
73,of,10.34,10.46,368,0
73,course,10.46,10.74,368,1
73,you,10.74,10.81,368,2
73,can,10.81,10.93,368,3
73,have,10.93,11.07,368,4
73,another,11.07,11.33,368,5
73,tunafish,11.33,12.0,368,6
73,sandwich,12.0,12.37,368,7
73,there,15.12,15.21,369,0
73,was,15.21,15.34,369,1
73,a,15.34,15.4,369,2
73,gigantic,15.4,16.06,369,3
73,wasp,16.06,16.46,369,4
73,next,16.46,16.71,369,5
73,to,16.71,16.79,369,6
73,irving's,16.79,17.16,369,7
73,big,17.16,17.38,369,8
73,top,17.38,17.67,369,9
73,hat,17.67,17.96,369,10
73,laugh,20.45,20.84,370,0
73,dance,20.84,21.16,370,1
73,and,21.16,21.32,370,2
73,sing,21.32,21.76,370,3
73,if,21.76,21.91,370,4
73,file,21.91,22.29,370,5
73,sim,22.33,22.61,370,6
73,fortune,22.89,23.33,370,7
73,smiles,23.33,23.67,370,8
73,upon,23.67,24.05,370,9
73,you,24.05,24.25,370,10
74,i'd,0.99,1.13,371,0
74,ride,1.13,1.34,371,1
74,the,1.34,1.39,371,2
74,subway,1.39,1.83,371,3
74,but,1.83,2.01,371,4
74,i,2.01,2.1,371,5
74,haven't,2.1,2.37,371,6
74,enough,2.37,2.67,371,7
74,change,2.67,3.25,371,8
74,eating,5.7,5.93,372,0
74,spinach,5.93,6.38,372,1
74,nightly,6.38,6.7,372,2
74,increases,6.7,7.21,372,3
74,strength,7.21,7.6,372,4
74,miraculously,7.6,8.53,372,5
74,butterscotch,10.9,11.41,373,0
74,fudge,11.41,11.73,373,1
74,goes,11.73,12.04,373,2
74,well,12.04,12.25,373,3
74,with,12.25,12.47,373,4
74,vanilla,12.47,12.81,373,5
74,ice,12.81,13.03,373,6
74,cream,13.03,13.41,373,7
74,daphne's,15.91,16.34,374,0
74,swedish,16.34,16.76,374,1
74,needlepoint,16.76,17.24,374,2
74,scarf,17.24,17.67,374,3
74,matched,17.67,17.98,374,4
74,her,17.98,18.06,374,5
74,skirt,18.06,18.47,374,6
74,irish,21.2,21.52,375,0
74,youngsters,21.52,22.08,375,1
74,each,22.08,22.48,375,2
74,eat,22.51,22.74,375,3
74,fresh,22.74,23.04,375,4
74,kippers,23.04,23.4,375,5
74,for,23.4,23.55,375,6
74,breakfast,23.55,24.17,375,7
75,move,0.92,1.17,376,0
75,the,1.17,1.27,376,1
75,garbage,1.27,1.7,376,2
75,nearer,1.7,1.97,376,3
75,to,1.97,2.1,376,4
75,the,2.1,2.21,376,5
75,large,2.21,2.51,376,6
75,window,2.51,3.04,376,7
75,a,5.28,5.35,377,0
75,huge,5.35,5.65,377,1
75,power,5.65,5.94,377,2
75,outage,5.94,6.35,377,3
75,rarely,6.35,6.72,377,4
75,occurs,6.72,7.31,377,5
75,valley,8.93,9.24,378,0
75,lodge,9.24,9.57,378,1
75,yearly,9.57,9.87,378,2
75,celebrates,9.87,10.45,378,3
75,the,10.45,10.52,378,4
75,first,10.52,10.83,378,5
75,calf,10.83,11.13,378,6
75,born,11.13,11.56,378,7
75,iris,14.5,14.81,379,0
75,thinks,14.81,15.07,379,1
75,this,15.07,15.3,379,2
75,zoo,15.52,15.85,379,3
75,has,15.85,16.03,379,4
75,eleven,16.03,16.37,379,5
75,spanish,16.37,16.82,379,6
75,zebras,16.82,17.5,379,7
75,those,18.63,18.83,380,0
75,who,18.83,18.92,380,1
75,teach,18.92,19.19,380,2
75,values,19.19,19.67,380,3
75,first,19.7,20.02,380,4
75,abolish,20.02,20.44,380,5
75,cheating,20.44,20.96,380,6
76,once,0.82,1.04,381,0
76,you,1.04,1.12,381,1
76,finish,1.12,1.46,381,2
76,greasing,1.46,1.84,381,3
76,your,1.84,1.96,381,4
76,chain,1.96,2.39,381,5
76,be,2.39,2.5,381,6
76,sure,2.5,2.75,381,7
76,to,2.75,2.83,381,8
76,wash,2.83,3.17,381,9
76,thoroughly,3.17,3.69,381,10
76,smash,6.63,7.07,382,0
76,lightbulbs,7.07,7.56,382,1
76,and,7.56,7.65,382,2
76,their,7.65,7.75,382,3
76,cash,7.75,8.06,382,4
76,value,8.06,8.37,382,5
76,will,8.37,8.52,382,6
76,diminish,8.52,8.95,382,7
76,to,8.95,9.07,382,8
76,nothing,9.07,9.61,382,9
76,top,12.6,12.86,383,0
76,zinnias,12.86,13.38,383,1
76,rarely,13.38,13.84,383,2
76,have,13.84,14.02,383,3
76,crooked,14.02,14.33,383,4
76,stems,14.33,14.93,383,5
76,movies,16.71,17.2,384,0
76,never,17.29,17.6,384,1
76,have,17.6,17.83,384,2
76,enough,17.83,18.09,384,3
76,villains,18.09,18.69,384,4
76,every,20.18,20.41,385,0
76,cab,20.41,20.8,385,1
76,needs,20.8,21.08,385,2
76,repainting,21.08,21.65,385,3
76,often,21.65,22.17,385,4
77,a,1.43,1.49,386,0
77,crab,1.49,1.78,386,1
77,challenged,1.78,2.31,386,2
77,me,2.31,2.52,386,3
77,but,2.52,2.71,386,4
77,a,2.71,2.75,386,5
77,quick,2.75,2.99,386,6
77,stab,2.99,3.36,386,7
77,vanquished,3.36,3.86,386,8
77,him,3.86,4.14,386,9
77,a,6.75,6.81,387,0
77,toothpaste,6.81,7.38,387,1
77,tube,7.38,7.63,387,2
77,should,7.63,7.84,387,3
77,be,7.84,7.92,387,4
77,squeezed,7.92,8.38,387,5
77,from,8.38,8.58,387,6
77,the,8.58,8.65,387,7
77,bottom,8.65,9.29,387,8
77,those,12.26,12.53,388,0
77,who,12.53,12.59,388,1
77,are,12.59,12.67,388,2
77,not,12.67,12.89,388,3
77,purists,12.89,13.59,388,4
77,use,13.59,13.8,388,5
77,canned,13.8,14.07,388,6
77,vegetables,14.07,14.64,388,7
77,when,14.64,14.79,388,8
77,making,14.79,15.11,388,9
77,stew,15.11,15.56,388,10
77,the,17.79,17.86,389,0
77,fifth,17.86,18.11,389,1
77,jar,18.11,18.32,389,2
77,contains,18.32,18.76,389,3
77,big,18.76,19.02,389,4
77,juicy,19.02,19.33,389,5
77,peaches,19.33,20.0,389,6
77,the,22.05,22.12,390,0
77,overweight,22.15,22.66,390,1
77,charmer,22.66,23.01,390,2
77,could,23.01,23.25,390,3
77,slip,23.25,23.48,390,4
77,poison,23.48,23.86,390,5
77,into,23.86,24.1,390,6
77,anyone's,24.1,24.55,390,7
77,tea,24.66,25.01,390,8
78,each,0.96,1.23,391,0
78,stag,1.23,1.53,391,1
78,surely,1.53,1.91,391,2
78,finds,1.91,2.26,391,3
78,a,2.26,2.3,391,4
78,big,2.3,2.53,391,5
78,fawn,2.53,3.0,391,6
78,the,4.71,4.78,392,0
78,rich,4.78,4.96,392,1
78,should,4.96,5.17,392,2
78,invest,5.17,5.59,392,3
78,in,5.59,5.72,392,4
78,black,5.72,5.94,392,5
78,zircons,5.94,6.56,392,6
78,instead,6.56,6.86,392,7
78,of,6.86,6.98,392,8
78,stylish,6.98,7.4,392,9
78,shoes,7.4,7.92,392,10
78,please,10.73,10.98,393,0
78,sing,10.98,11.3,393,1
78,just,11.3,11.59,393,2
78,the,11.59,11.65,393,3
78,club,11.65,11.97,393,4
78,theme,11.97,12.31,393,5
78,they,14.33,14.4,394,0
78,used,14.4,14.66,394,1
78,an,14.66,14.74,394,2
78,aggressive,14.74,15.2,394,3
78,policeman,15.2,15.81,394,4
78,to,15.81,15.93,394,5
78,flag,15.93,16.29,394,6
78,thoughtless,16.29,16.71,394,7
78,motorists,16.71,17.51,394,8
78,shell,20.06,20.33,395,0
78,shock,20.33,20.66,395,1
78,caused,20.66,21.03,395,2
78,by,21.03,21.25,395,3
78,shrapnel,21.33,21.95,395,4
78,is,21.95,22.03,395,5
78,sometimes,22.03,22.57,395,6
78,cured,22.57,22.91,395,7
78,through,22.91,23.07,395,8
78,group,23.07,23.36,395,9
78,therapy,23.36,23.94,395,10
79,the,1.22,1.29,396,0
79,advertising,1.29,1.99,396,1
79,verse,1.99,2.3,396,2
79,of,2.3,2.44,396,3
79,plymouth,2.44,2.9,396,4
79,variety,2.9,3.33,396,5
79,store,3.33,3.62,396,6
79,never,3.62,3.84,396,7
79,changes,3.84,4.33,396,8
79,suburban,6.73,7.2,397,0
79,housewives,7.2,7.75,397,1
79,often,7.79,8.15,397,2
79,suffer,8.15,8.49,397,3
79,from,8.49,8.68,397,4
79,the,8.68,8.75,397,5
79,gab,8.75,9.06,397,6
79,habit,9.06,9.45,397,7
79,a,11.83,11.87,398,0
79,lone,11.87,12.1,398,1
79,star,12.1,12.39,398,2
79,shone,12.39,12.71,398,3
79,in,12.71,12.87,398,4
79,the,12.87,12.92,398,5
79,early,12.92,13.31,398,6
79,evening,13.31,13.62,398,7
79,sky,13.62,14.13,398,8
79,the,16.21,16.28,399,0
79,toddler,16.28,16.69,399,1
79,found,16.69,16.98,399,2
79,a,16.98,17.03,399,3
79,clamshell,17.03,17.87,399,4
79,near,17.9,18.19,399,5
79,the,18.19,18.28,399,6
79,camp,18.28,18.62,399,7
79,site,18.62,18.96,399,8
79,what,18.99,21.09,400,0
79,is,21.09,21.22,400,1
79,this,21.22,21.37,400,2
79,large,21.37,21.72,400,3
79,thing,21.72,21.92,400,4
79,by,21.92,22.05,400,5
79,the,22.05,22.12,400,6
79,ironing,22.12,22.57,400,7
79,board,22.57,22.93,400,8
80,thomas,0.97,1.31,401,0
80,thinks,1.31,1.53,401,1
80,a,1.53,1.58,401,2
80,larger,1.58,1.91,401,3
80,clamp,1.91,2.25,401,4
80,solves,2.25,2.55,401,5
80,the,2.55,2.61,401,6
80,problem,2.61,3.22,401,7
80,first,5.64,5.93,402,0
80,add,5.93,6.11,402,1
80,milk,6.11,6.31,402,2
80,to,6.31,6.45,402,3
80,the,6.45,6.55,402,4
80,shredded,6.55,6.95,402,5
80,cheese,6.95,7.45,402,6
80,spherical,9.47,10.06,403,0
80,gifts,10.06,10.36,403,1
80,are,10.36,10.45,403,2
80,difficult,10.45,10.89,403,3
80,to,10.89,11.01,403,4
80,wrap,11.01,11.39,403,5
80,ralph,13.54,13.76,404,0
80,prepared,13.76,14.2,404,1
80,red,14.2,14.38,404,2
80,snapper,14.38,14.77,404,3
80,with,14.77,14.98,404,4
80,fresh,15.05,15.37,404,5
80,lemon,15.37,15.65,404,6
80,sauce,15.65,16.02,404,7
80,for,16.05,16.13,404,8
80,dinner,16.13,16.57,404,9
80,roy,19.23,19.47,405,0
80,ignored,19.47,19.81,405,1
80,the,19.81,19.86,405,2
80,spurious,19.86,20.29,405,3
80,data,20.29,20.59,405,4
80,points,20.59,20.95,405,5
80,in,20.95,21.04,405,6
80,drawing,21.04,21.35,405,7
80,the,21.35,21.4,405,8
80,graph,21.4,21.85,405,9
81,the,1.05,1.12,406,0
81,thick,1.12,1.37,406,1
81,elm,1.37,1.6,406,2
81,forest,1.6,2.04,406,3
81,was,2.04,2.21,406,4
81,nearly,2.21,2.68,406,5
81,overwhelmed,2.68,3.32,406,6
81,by,3.32,3.44,406,7
81,dutch,3.44,3.74,406,8
81,elm,3.74,3.96,406,9
81,disease,3.96,4.49,406,10
81,in,6.89,6.95,407,0
81,developing,6.95,7.49,407,1
81,film,7.49,7.84,407,2
81,many,7.84,8.07,407,3
81,toxic,8.07,8.46,407,4
81,chemicals,8.46,8.96,407,5
81,are,8.96,9.0,407,6
81,used,9.0,9.53,407,7
81,is,11.91,12.02,408,0
81,this,12.02,12.17,408,1
81,seesaw,12.17,12.58,408,2
81,safe,12.58,13.09,408,3
81,those,14.53,14.79,409,0
81,thieves,14.79,15.07,409,1
81,stole,15.07,15.37,409,2
81,thirty,15.37,15.73,409,3
81,jewels,15.73,16.3,409,4
81,aluminum,17.99,18.42,410,0
81,cutlery,18.42,18.92,410,1
81,can,18.92,19.13,410,2
81,often,19.13,19.5,410,3
81,be,19.5,19.62,410,4
81,flimsy,19.62,20.24,410,5
82,those,0.83,0.99,411,0
82,musicians,0.99,1.58,411,1
82,harmonize,1.58,2.04,411,2
82,marvellously,2.04,2.84,411,3
82,most,4.81,5.11,412,0
82,young,5.11,5.32,412,1
82,rabbits,5.32,5.73,412,2
82,rise,5.73,5.95,412,3
82,early,5.95,6.26,412,4
82,every,6.26,6.48,412,5
82,morning,6.48,7.08,412,6
82,beg,9.28,9.48,413,0
82,that,9.48,9.69,413,1
82,guard,9.69,9.96,413,2
82,for,9.96,10.11,413,3
82,one,10.11,10.34,413,4
82,gallon,10.34,10.65,413,5
82,of,10.65,10.79,413,6
82,petrol,10.79,11.37,413,7
82,get,13.39,13.53,414,0
82,a,13.53,13.61,414,1
82,calico,13.61,14.04,414,2
82,cat,14.04,14.44,414,3
82,to,14.44,14.56,414,4
82,keep,14.56,14.78,414,5
82,the,14.78,14.86,414,6
82,rodents,14.86,15.33,414,7
82,away,15.33,15.66,414,8
82,tina,17.58,17.88,415,0
82,turner,17.88,18.23,415,1
82,is,18.23,18.36,415,2
82,a,18.36,18.4,415,3
82,pop,18.4,18.7,415,4
82,singer,18.7,19.1,415,5
83,that,0.77,0.95,416,0
83,pickpocket,0.95,1.43,416,1
83,was,1.43,1.57,416,2
83,caught,1.57,1.83,416,3
83,redhanded,1.83,2.49,416,4
83,mum,4.67,4.89,417,0
83,strongly,4.89,5.36,417,1
83,dislikes,5.36,5.82,417,2
83,appetizers,5.82,6.73,417,3
83,her,8.6,8.67,418,0
83,classical,8.67,9.19,418,1
83,repertoire,9.19,9.76,418,2
83,ga,9.76,10.0,418,3
83,gained,10.07,10.3,418,4
83,critical,10.3,10.71,418,5
83,acclaim,10.71,11.3,418,6
83,did,13.05,13.23,419,0
83,you,13.23,13.33,419,1
83,eat,13.33,13.44,419,2
83,lunch,13.44,13.74,419,3
83,yesterday,13.74,14.36,419,4
83,it's,16.23,16.37,420,0
83,illegal,16.37,16.74,420,1
83,to,16.74,16.84,420,2
83,postdate,16.84,17.36,420,3
83,a,17.36,17.4,420,4
83,cheque,17.4,17.88,420,5
84,hispanic,0.76,1.26,421,0
84,costumes,1.26,1.83,421,1
84,are,1.83,1.88,421,2
84,quite,1.88,2.14,421,3
84,colourful,2.14,2.72,421,4
84,youngsters,4.64,5.19,422,0
84,love,5.19,5.57,422,1
84,corn,5.57,5.89,422,2
84,candy,5.89,6.29,422,3
84,as,6.29,6.41,422,4
84,a,6.41,6.47,422,5
84,treat,6.47,6.89,422,6
84,glucose,8.72,9.14,423,0
84,and,9.14,9.25,423,1
84,fructose,9.25,9.87,423,2
84,are,9.87,9.9,423,3
84,natural,9.9,10.27,423,4
84,sugars,10.27,10.71,423,5
84,found,10.71,11.01,423,6
84,in,11.01,11.14,423,7
84,fruit,11.14,11.52,423,8
84,few,13.97,14.12,424,0
84,people,14.12,14.45,424,1
84,live,14.45,14.63,424,2
84,to,14.63,14.76,424,3
84,be,14.76,14.88,424,4
84,a,14.88,14.98,424,5
84,hundred,14.98,15.43,424,6
84,tradition,17.37,17.75,425,0
84,requires,17.75,18.2,425,1
84,parental,18.2,18.61,425,2
84,approval,18.61,19.07,425,3
84,for,19.07,19.24,425,4
84,underage,19.24,19.63,425,5
84,marriage,19.66,20.32,425,6
85,the,0.59,0.68,426,0
85,easygoing,0.68,1.22,426,1
85,zoologist,1.22,1.97,426,2
85,relaxed,1.97,2.4,426,3
85,throughout,2.4,2.71,426,4
85,the,2.71,2.76,426,5
85,voyage,2.76,3.4,426,6
85,the,5.93,6.03,427,0
85,altruistic,6.03,6.64,427,1
85,dowager,6.64,7.15,427,2
85,helped,7.15,7.44,427,3
85,many,7.44,7.73,427,4
85,nal,7.73,7.95,427,5
85,malnourished,7.98,8.5,427,6
85,vagrants,8.6,9.36,427,7
85,the,11.34,11.45,428,0
85,haunted,11.45,11.79,428,1
85,house,11.79,12.03,428,2
85,was,12.03,12.26,428,3
85,hit,12.26,12.48,428,4
85,due,12.48,12.65,428,5
85,to,12.65,12.74,428,6
85,outstanding,12.74,13.4,428,7
85,audiovisual,13.4,14.24,428,8
85,effects,14.24,14.84,428,9
85,they,17.47,17.6,429,0
85,all,17.6,17.8,429,1
85,enjoy,17.8,18.07,429,2
85,ice,18.07,18.3,429,3
85,cream,18.3,18.57,429,4
85,sundaes,18.57,19.3,429,5
85,jeff's,21.33,21.6,430,0
85,toy,21.6,21.86,430,1
85,gocart,21.86,22.38,430,2
85,never,22.38,22.7,430,3
85,worked,22.7,23.24,430,4
86,nonprofit,0.75,1.29,431,0
86,organizations,1.29,2.18,431,1
86,have,2.18,2.33,431,2
86,frequent,2.33,2.73,431,3
86,fundraisers,2.78,3.66,431,4
86,allow,5.72,5.95,432,0
86,leeway,5.95,6.35,432,1
86,here,6.35,6.75,432,2
86,i,8.05,8.14,433,0
86,honour,8.14,8.36,433,1
86,my,8.36,8.51,433,2
86,mom,8.51,8.89,433,3
86,rationalize,10.27,10.94,434,0
86,all,10.94,11.18,434,1
86,errors,11.18,11.64,434,2
86,may,13.15,13.34,435,0
86,i,13.34,13.37,435,1
86,order,13.37,13.72,435,2
86,a,13.72,13.77,435,3
86,parfait,13.77,14.28,435,4
86,after,14.28,14.55,435,5
86,i,14.55,14.61,435,6
86,eat,14.61,14.81,435,7
86,dinner,14.81,15.21,435,8
87,herb's,0.87,1.11,436,0
87,birthday,1.11,1.53,436,1
87,frequently,1.53,2.13,436,2
87,occurs,2.13,2.51,436,3
87,on,2.51,2.69,436,4
87,thanksgiving,2.69,3.46,436,5
87,does,5.55,5.74,437,0
87,hindu,5.74,5.99,437,1
87,ideology,5.99,6.65,437,2
87,honour,6.65,6.87,437,3
87,cows,6.87,7.48,437,4
87,we,9.05,9.16,438,0
87,apply,9.16,9.46,438,1
87,auditory,9.46,10.04,438,2
87,modelling,10.04,10.52,438,3
87,to,10.52,10.63,438,4
87,computer,10.63,11.04,438,5
87,speech,11.04,11.37,438,6
87,recognition,11.37,12.21,438,7
87,tornados,14.6,15.04,439,0
87,often,15.04,15.39,439,1
87,destroy,15.39,15.7,439,2
87,aviaries,15.7,16.57,439,3
87,jeff,18.22,18.5,440,0
87,thought,18.5,18.73,440,1
87,you,18.73,18.86,440,2
87,argued,18.86,19.23,440,3
87,in,19.23,19.36,440,4
87,favour,19.36,19.68,440,5
87,of,19.68,19.81,440,6
87,of,19.81,20.01,440,7
87,a,20.28,20.45,440,8
87,center,20.45,20.82,440,9
87,centrifuge,21.12,21.78,440,10
87,purchase,21.78,22.39,440,11
88,rock,0.98,1.2,441,0
88,and,1.2,1.33,441,1
88,roll,1.33,1.44,441,2
88,music,1.44,1.84,441,3
88,has,1.84,1.98,441,4
88,a,1.98,2.02,441,5
88,great,2.02,2.28,441,6
88,rhythm,2.28,2.76,441,7
88,we,4.93,5.07,442,0
88,like,5.07,5.3,442,1
88,blue,5.3,5.49,442,2
88,cheese,5.49,5.79,442,3
88,but,5.79,6.0,442,4
88,victor,6.0,6.31,442,5
88,likes,6.31,6.59,442,6
88,brie,6.59,7.07,442,7
88,please,9.2,9.43,443,0
88,dig,9.43,9.62,443,1
88,my,9.62,9.77,443,2
88,potatoes,9.77,10.27,443,3
88,up,10.27,10.46,443,4
88,before,10.46,10.77,443,5
88,the,10.77,10.86,443,6
88,frost,10.86,11.48,443,7
88,rob,13.56,13.86,444,0
88,made,13.86,14.09,444,1
88,hungarian,14.09,14.63,444,2
88,goulash,14.63,15.01,444,3
88,for,15.01,15.13,444,4
88,dinner,15.13,15.47,444,5
88,and,15.47,15.6,444,6
88,gooseberry,15.6,16.05,444,7
88,pie,16.05,16.36,444,8
88,for,16.39,16.48,444,9
88,dessert,16.48,17.02,444,10
88,trish,19.8,20.02,445,0
88,saw,20.02,20.28,445,1
88,hours,20.28,20.65,445,2
88,and,20.65,20.76,445,3
88,hours,20.76,21.08,445,4
88,of,21.08,21.17,445,5
88,movies,21.17,21.59,445,6
88,this,21.59,21.7,445,7
88,saturday,21.7,22.37,445,8
89,the,0.89,0.97,446,0
89,speech,0.97,1.3,446,1
89,symposium,1.3,1.95,446,2
89,might,1.95,2.16,446,3
89,begin,2.16,2.41,446,4
89,on,2.41,2.56,446,5
89,monday,2.56,3.08,446,6
89,gremlins,5.35,5.82,447,0
89,is,5.82,5.96,447,1
89,yet,5.96,6.11,447,2
89,another,6.11,6.45,447,3
89,exciting,6.45,6.95,447,4
89,movie,6.95,7.23,447,5
89,by,7.23,7.39,447,6
89,steven,7.39,7.78,447,7
89,spielberg,7.78,8.45,447,8
89,growing,11.2,11.57,448,0
89,well,11.57,11.71,448,1
89,kept,11.71,11.96,448,2
89,gardens,11.96,12.38,448,3
89,is,12.38,12.49,448,4
89,very,12.49,12.73,448,5
89,time,12.73,13.06,448,6
89,consuming,13.06,13.72,448,7
89,is,15.65,15.71,449,0
89,she,15.71,15.85,449,1
89,going,15.85,16.14,449,2
89,with,16.14,16.32,449,3
89,you,16.32,16.61,449,4
89,i,18.37,18.45,450,0
89,took,18.45,18.69,450,1
89,her,18.69,18.76,450,2
89,word,18.76,19.01,450,3
89,for,19.01,19.19,450,4
89,it,19.19,19.35,450,5
90,children,0.87,1.29,451,0
90,can,1.29,1.48,451,1
90,consume,1.48,1.93,451,2
90,many,1.93,2.18,451,3
90,fruit,2.18,2.41,451,4
90,rollups,2.41,2.89,451,5
90,in,2.89,2.99,451,6
90,one,2.99,3.17,451,7
90,sitting,3.17,3.68,451,8
90,people,6.11,6.42,452,0
90,drink,6.42,6.64,452,1
90,much,6.64,6.95,452,2
90,water,6.95,7.22,452,3
90,with,7.22,7.41,452,4
90,horseradish,7.41,8.11,452,5
90,relish,8.11,8.67,452,6
90,gwen,10.96,11.2,453,0
90,grows,11.2,11.67,453,1
90,green,11.67,12.06,453,2
90,beans,12.06,12.45,453,3
90,in,12.45,12.62,453,4
90,her,12.62,12.71,453,5
90,vegetable,12.71,13.23,453,6
90,garden,13.23,13.79,453,7
90,the,15.42,15.48,454,0
90,football,15.48,15.88,454,1
90,team,15.88,16.17,454,2
90,coach,16.17,16.65,454,3
90,has,16.74,17.0,454,4
90,a,17.13,17.23,454,5
90,watch,17.23,17.62,454,6
90,as,17.62,17.94,454,7
90,thin,18.14,18.28,454,8
90,as,18.28,18.41,454,9
90,a,18.41,18.45,454,10
90,dime,18.45,18.94,454,11
90,seamstresses,20.61,21.41,455,0
90,attach,21.41,21.79,455,1
90,zips,21.79,22.25,455,2
90,with,22.25,22.42,455,3
90,a,22.42,22.49,455,4
90,thimble,22.49,23.0,455,5
90,needle,23.0,23.4,455,6
90,and,23.4,23.61,455,7
90,thread,23.61,23.89,455,8
91,a,0.77,0.84,456,0
91,moth,0.84,1.11,456,1
91,zigzagged,1.11,1.72,456,2
91,along,1.72,2.01,456,3
91,the,2.01,2.07,456,4
91,path,2.07,2.39,456,5
91,through,2.39,2.57,456,6
91,otto's,2.57,2.92,456,7
91,garden,2.92,3.53,456,8
91,coffee,5.92,6.36,457,0
91,is,6.36,6.53,457,1
91,grown,6.53,6.89,457,2
91,on,6.89,7.06,457,3
91,steep,7.06,7.38,457,4
91,junglelike,7.38,7.98,457,5
91,slopes,7.98,8.55,457,6
91,in,8.55,8.69,457,7
91,temperate,8.69,9.12,457,8
91,zones,9.12,9.72,457,9
91,that,11.81,11.95,458,0
91,stinging,11.95,12.37,458,1
91,vapour,12.37,12.8,458,2
91,was,12.8,12.99,458,3
91,caused,12.99,13.33,458,4
91,by,13.33,13.44,458,5
91,chloride,13.44,13.96,458,6
91,vaporization,13.96,14.89,458,7
91,don't,17.23,17.51,459,0
91,look,17.51,17.73,459,1
91,for,17.73,17.83,459,2
91,cheap,17.83,18.12,459,3
91,valuables,18.12,18.65,459,4
91,in,18.65,18.76,459,5
91,a,18.76,18.8,459,6
91,bank,18.8,19.13,459,7
91,va,19.13,19.25,459,8
91,vault,19.25,19.75,459,9
91,which,21.8,22.09,460,0
91,theatre,22.09,22.39,460,1
91,shows,22.39,22.68,460,2
91,mother,22.68,22.94,460,3
91,goose,22.94,23.48,460,4
