0,this,0.78,0.95,1
0,was,0.95,1.15,1
0,easy,1.15,1.38,1
0,for,1.38,1.62,1
0,us,1.62,2.05,1
0,jane,2.73,3.02,2
0,may,3.02,3.19,2
0,earn,3.19,3.41,2
0,more,3.41,3.59,2
0,money,3.59,3.91,2
0,by,3.91,4.08,2
0,working,4.08,4.47,2
0,hard,4.47,4.89,2
0,she,6.96,7.17,3
0,is,7.17,7.37,3
0,thinner,7.37,7.66,3
0,than,7.66,7.79,3
0,i,7.79,7.94,3
0,am,7.94,8.27,3
0,bright,10.18,10.47,4
0,sunshine,10.47,10.98,4
0,shimmers,10.98,11.43,4
0,on,11.43,11.56,4
0,the,11.56,11.68,4
0,ocean,11.68,12.13,4
0,nothing,14.34,14.71,5
0,is,14.71,14.85,5
0,as,14.85,15.01,5
0,offensive,15.01,15.54,5
0,as,15.54,15.72,5
0,innocence,15.72,16.47,5
1,why,1.55,1.77,6
1,yell,1.77,2.08,6
1,or,2.08,2.2,6
1,worry,2.2,2.59,6
1,over,2.59,2.8,6
1,silly,2.8,3.17,6
1,items,3.17,3.7,6
1,where,5.45,5.69,7
1,were,5.69,5.83,7
1,you,5.83,6.07,7
1,while,6.07,6.22,7
1,you,6.22,6.41,7
1,were,6.41,6.62,7
1,away,6.62,7.06,7
1,are,9.27,9.37,8
1,your,9.37,9.52,8
1,grades,9.52,9.89,8
1,higher,9.89,10.23,8
1,or,10.23,10.38,8
1,lower,10.38,10.71,8
1,than,10.71,10.9,8
1,nancy's,10.9,11.56,8
1,he,13.93,14.08,9
1,will,14.08,14.25,9
1,allow,14.25,14.65,9
1,a,14.65,14.74,9
1,rare,14.74,15.06,9
1,lie,15.06,15.51,9
1,will,17.24,17.47,10
1,robin,17.47,17.85,10
1,wear,17.85,18.1,10
1,a,18.1,18.13,10
1,yellow,18.13,18.47,10
1,lily,18.47,18.9,10
2,swing,0.63,0.95,11
2,your,0.95,1.13,11
2,arm,1.13,1.44,11
2,as,1.44,1.58,11
2,high,1.58,1.78,11
2,as,1.78,1.94,11
2,you,1.94,2.0,11
2,can,2.0,2.46,11
2,before,4.38,4.7,12
2,thursday's,4.7,5.26,12
2,exam,5.26,5.75,12
2,review,5.75,6.14,12
2,every,6.14,6.4,12
2,formula,6.4,7.01,12
2,the,9.08,9.16,13
2,museum,9.16,9.65,13
2,hires,9.65,10.04,13
2,musicians,10.04,10.61,13
2,every,10.61,10.88,13
2,evening,10.88,11.42,13
2,a,13.79,13.86,14
2,roll,13.86,14.18,14
2,of,14.18,14.29,14
2,wire,14.29,14.72,14
2,lay,14.72,14.94,14
2,near,14.94,15.2,14
2,the,15.2,15.32,14
2,wall,15.32,15.77,14
2,carl,17.49,17.83,15
2,lives,17.83,18.18,15
2,in,18.18,18.28,15
2,a,18.28,18.34,15
2,lively,18.34,18.79,15
2,home,18.79,19.22,15
3,alimony,0.7,1.33,16
3,harms,1.33,1.73,16
3,a,1.73,1.79,16
3,divorced,1.79,2.31,16
3,man's,2.31,2.67,16
3,wealth,2.67,3.16,16
3,she,5.08,5.25,17
3,wore,5.25,5.57,17
3,wom,5.57,5.99,17
3,warm,6.09,6.54,17
3,fleecy,6.54,7.01,17
3,woolen,7.01,7.39,17
3,overalls,7.39,8.15,17
3,alfalfa,9.22,9.81,18
3,is,9.81,9.97,18
3,healthy,9.97,10.29,18
3,for,10.29,10.46,18
3,you,10.46,10.75,18
3,when,12.35,12.52,19
3,all,12.52,12.75,19
3,else,12.75,13.0,19
3,fails,13.0,13.45,19
3,use,13.45,13.75,19
3,force,13.75,14.24,19
3,although,15.85,16.15,20
3,always,16.15,16.59,20
3,alone,16.59,17.13,20
3,we,17.13,17.24,20
3,survive,17.24,17.98,20
4,only,1.19,1.48,21
4,lawyers,1.48,1.97,21
4,love,1.97,2.17,21
4,millionaires,2.17,2.96,21
4,did,4.71,4.91,22
4,dad,4.91,5.19,22
4,do,5.19,5.42,22
4,academic,5.42,6.03,22
4,bidding,6.03,6.49,22
4,help,8.29,8.51,23
4,greg,8.51,8.81,23
4,to,8.81,8.95,23
4,pick,8.95,9.21,23
4,a,9.21,9.25,23
4,peck,9.25,9.53,23
4,of,9.53,9.67,23
4,potatoes,9.67,10.46,23
4,a,12.09,12.16,24
4,good,12.16,12.38,24
4,attitude,12.38,12.98,24
4,is,12.98,13.14,24
4,unbeatable,13.14,13.92,24
4,coconut,15.55,16.02,25
4,cream,16.02,16.35,25
4,pie,16.35,16.66,25
4,makes,16.66,16.93,25
4,a,16.93,16.98,25
4,nice,16.98,17.22,25
4,dessert,17.22,17.73,25
5,don't,1.14,1.39,26
5,do,1.39,1.6,26
5,charlie's,1.6,2.12,26
5,dirty,2.12,2.42,26
5,dishes,2.42,3.06,26
5,help,4.61,4.83,27
5,celebrate,4.83,5.34,27
5,your,5.34,5.46,27
5,brother's,5.46,5.86,27
5,success,5.86,6.62,27
5,the,8.82,8.96,28
5,only,8.96,9.41,28
5,only,9.53,9.85,28
5,the,9.85,10.14,28
5,most,10.35,10.68,28
5,accomplished,10.68,11.29,28
5,artists,11.29,11.71,28
5,obtain,11.71,12.09,28
5,popularity,12.09,12.88,28
5,critical,14.4,14.82,29
5,equipment,14.82,15.32,29
5,needs,15.32,15.59,29
5,proper,15.59,15.98,29
5,maintenance,15.98,16.74,29
5,young,18.78,19.01,30
5,people,19.01,19.33,30
5,participate,19.33,20.14,30
5,in,20.14,20.26,30
5,athletic,20.26,20.77,30
5,activities,20.77,21.55,30
6,barb's,1.16,1.5,31
6,gold,1.5,1.8,31
6,bracelet,1.8,2.28,31
6,was,2.28,2.5,31
6,a,2.5,2.55,31
6,graduation,2.55,3.24,31
6,present,3.24,3.69,31
6,stimulating,5.83,6.47,32
6,discussions,6.47,7.23,32
6,keep,7.61,7.98,32
6,students',8.01,8.49,32
6,attention,8.49,9.05,32
6,etiquette,11.0,11.36,33
6,mandates,11.36,11.88,33
6,compliance,11.88,12.52,33
6,with,12.52,12.66,33
6,existing,12.66,13.17,33
6,regulations,13.17,14.06,33
6,biblical,16.35,16.81,34
6,scholars,16.81,17.39,34
6,argue,17.39,17.77,34
6,history,17.77,18.35,34
6,elderly,20.55,20.97,35
6,people,20.97,21.33,35
6,are,21.33,21.45,35
6,often,21.45,21.78,35
6,excluded,21.78,22.39,35
7,basketball,1.28,1.88,36
7,can,1.88,2.09,36
7,be,2.09,2.27,36
7,an,2.27,2.39,36
7,entertaining,2.39,3.0,36
7,sport,3.0,3.47,36
7,addition,5.41,5.82,37
7,and,5.82,5.95,37
7,subtraction,5.95,6.6,37
7,are,6.6,6.74,37
7,learned,6.74,7.15,37
7,skills,7.15,7.83,37
7,grandmother,10.01,10.57,38
7,outgrew,10.57,11.05,38
7,her,11.05,11.22,38
7,upbringing,11.25,11.76,38
7,in,11.76,11.88,38
7,petticoats,11.88,12.7,38
7,at,15.27,15.43,39
7,twilight,15.43,16.04,39
7,on,16.04,16.16,39
7,the,16.16,16.23,39
7,twelfth,16.23,16.65,39
7,day,16.65,16.94,39
7,we'll,16.94,17.18,39
7,have,17.18,17.35,39
7,chablis,17.35,17.95,39
7,catastrophic,20.45,21.2,40
7,economic,21.2,21.86,40
7,cutbacks,21.89,22.45,40
7,neglect,22.48,22.93,40
7,the,22.93,22.98,40
7,poor,22.98,23.53,40
8,ambidextrous,1.14,1.92,41
8,pickpockets,1.92,2.61,41
8,accomplish,2.61,3.12,41
8,more,3.12,3.48,41
8,even,5.55,5.79,42
8,a,5.79,5.87,42
8,simple,5.87,6.21,42
8,vocabulary,6.21,6.99,42
8,contains,6.99,7.49,42
8,symbols,7.49,8.15,42
8,the,10.05,10.12,43
8,eastern,10.12,10.6,43
8,coast,10.6,11.02,43
8,is,11.02,11.12,43
8,a,11.12,11.16,43
8,place,11.16,11.49,43
8,for,11.49,11.63,43
8,pure,11.63,11.9,43
8,pleasure,11.9,12.41,43
8,and,12.41,12.54,43
8,excitement,12.54,13.09,43
8,the,16.07,16.15,44
8,lack,16.15,16.39,44
8,of,16.39,16.57,44
8,heat,16.57,16.78,44
8,compounded,16.78,17.48,44
8,the,17.48,17.54,44
8,tenant's,17.54,17.96,44
8,grievances,17.96,18.77,44
8,academic,21.42,21.95,45
8,aptitude,21.95,22.58,45
8,guarantees,22.58,23.24,45
8,your,23.24,23.35,45
8,diploma,23.35,23.91,45
9,the,1.28,1.33,46
9,prowler,1.33,1.82,46
9,wore,1.82,2.07,46
9,a,2.07,2.12,46
9,ski,2.12,2.41,46
9,mask,2.41,2.77,46
9,for,2.77,2.99,46
9,a,2.99,3.04,46
9,disguise,3.04,3.84,46
9,we,5.84,5.97,47
9,experience,5.97,6.68,47
9,distress,6.68,7.28,47
9,and,7.28,7.4,47
9,frustration,7.4,8.04,47
9,obtaining,8.04,8.56,47
9,our,8.56,8.66,47
9,degrees,8.66,9.35,47
9,the,11.62,11.68,48
9,singer's,11.68,12.16,48
9,finger,12.16,12.57,48
9,had,12.57,12.74,48
9,a,12.74,12.8,48
9,splinter,12.8,13.51,48
9,the,15.49,15.54,49
9,legislature,15.54,16.35,49
9,met,16.35,16.68,49
9,to,16.68,16.8,49
9,judge,16.8,17.24,49
9,the,17.24,17.31,49
9,state,17.31,17.67,49
9,of,17.67,17.79,49
9,public,17.79,18.11,49
9,education,18.11,18.82,49
9,chocolate,21.51,22.05,50
9,and,22.1,22.32,50
9,roses,22.32,22.76,50
9,never,22.76,23.05,50
9,fail,23.05,23.41,50
9,as,23.41,23.56,50
9,a,23.56,23.62,50
9,romantic,23.62,24.17,50
9,gift,24.17,24.63,50
10,any,1.17,1.36,51
10,contributions,1.36,2.19,51
10,will,2.19,2.38,51
10,be,2.38,2.52,51
10,greatly,2.52,2.93,51
10,appreciated,2.93,3.75,51
10,continental,5.85,6.47,52
10,drift,6.47,6.85,52
10,is,6.85,6.96,52
10,a,6.96,7.04,52
10,geological,7.04,7.76,52
10,theory,7.76,8.28,52
10,regular,10.27,10.71,53
10,attendance,10.71,11.33,53
10,is,11.33,11.4,53
10,seldom,11.4,11.87,53
10,required,11.87,12.49,53
10,challenge,14.8,15.22,54
10,each,15.22,15.48,54
10,general's,15.48,16.02,54
10,intelligence,16.02,16.9,54
10,we,18.74,18.86,55
10,got,18.86,19.09,55
10,drenched,19.09,19.57,55
10,from,19.57,19.73,55
10,the,19.73,19.83,55
10,uninterrupted,19.83,20.73,55
10,rain,20.73,21.16,55
11,last,1.21,1.55,56
11,year's,1.55,1.79,56
11,gas,1.79,2.09,56
11,shortage,2.09,2.63,56
11,caused,2.63,3.02,56
11,steep,3.02,3.39,56
11,price,3.39,3.72,56
11,increases,3.72,4.52,56
11,upgrade,6.64,7.11,57
11,your,7.11,7.22,57
11,status,7.22,7.78,57
11,to,7.78,7.89,57
11,reflect,7.89,8.33,57
11,your,8.33,8.45,57
11,wealth,8.45,8.94,57
11,eat,11.37,11.53,58
11,your,11.53,11.71,58
11,raisins,11.71,12.17,58
11,outdoors,12.17,12.8,58
11,on,12.8,12.91,58
11,the,12.91,12.96,58
11,porch,12.96,13.35,58
11,steps,13.35,13.93,58
11,porcupines,16.06,16.79,59
11,resemble,16.79,17.24,59
11,sea,17.24,17.51,59
11,urchins,17.51,18.14,59
11,spring,19.89,20.3,60
11,street,20.3,20.69,60
11,is,20.69,20.79,60
11,straight,20.79,21.13,60
11,ahead,21.13,21.53,60
12,cliff's,1.14,1.47,61
12,display,1.47,1.97,61
12,was,1.97,2.2,61
12,misplaced,2.2,2.86,61
12,on,2.86,2.99,61
12,the,2.99,3.05,61
12,screen,3.05,3.58,61
12,an,6.05,6.15,62
12,official,6.15,6.55,62
12,deadline,6.55,7.04,62
12,cannot,7.04,7.45,62
12,be,7.45,7.57,62
12,postponed,7.57,8.31,62
12,fill,10.48,10.73,63
12,that,10.73,10.94,63
12,canteen,10.94,11.52,63
12,with,11.52,11.65,63
12,fresh,11.65,11.96,63
12,spring,11.96,12.29,63
12,water,12.29,12.73,63
12,gently,15.47,15.81,64
12,place,15.81,16.13,64
12,jim's,16.13,16.5,64
12,foam,16.5,16.8,64
12,sculpture,16.8,17.34,64
12,in,17.34,17.46,64
12,the,17.46,17.52,64
12,box,17.52,18.09,64
12,bagpipes,19.86,20.42,65
12,and,20.42,20.56,65
12,bongos,20.56,21.07,65
12,are,21.07,21.14,65
12,musical,21.14,21.57,65
12,instruments,21.57,22.35,65
13,doctors,0.93,1.35,66
13,prescribe,1.35,1.94,66
13,drugs,1.94,2.32,66
13,too,2.32,2.52,66
13,freely,2.52,3.09,66
13,will,5.17,5.27,67
13,you,5.27,5.41,67
13,please,5.41,5.77,67
13,describe,5.77,6.31,67
13,the,6.31,6.4,67
13,idiotic,6.4,7.03,67
13,predicament,7.03,7.59,67
13,it's,10.06,10.19,68
13,impossible,10.19,10.79,68
13,to,10.79,10.91,68
13,deal,10.91,11.21,68
13,with,11.21,11.37,68
13,bureaucracy,11.37,12.17,68
13,good,14.47,14.63,69
13,service,14.63,15.1,69
13,should,15.1,15.3,69
13,be,15.3,15.39,69
13,rewarded,15.39,15.95,69
13,by,15.95,16.09,69
13,big,16.09,16.43,69
13,tips,16.43,16.96,69
13,my,19.77,19.94,70
13,instructions,19.94,20.57,70
13,desperately,20.57,21.13,70
13,need,21.13,21.35,70
13,updating,21.35,21.97,70
14,cooperation,0.83,1.62,71
14,along,1.62,2.23,71
14,with,2.53,2.71,71
14,understanding,2.71,3.73,71
14,alleviate,3.86,4.47,71
14,dispute,4.47,4.99,71
14,cement,6.7,7.13,72
14,is,7.13,7.26,72
14,measured,7.26,7.64,72
14,in,7.64,7.75,72
14,cubic,7.75,8.14,72
14,yards,8.14,8.77,72
14,primitive,10.26,10.68,73
14,tribes,10.68,11.21,73
14,have,11.21,11.33,73
14,an,11.33,11.52,73
14,upbeat,11.66,11.89,73
14,attitude,11.89,12.51,73
14,flying,14.62,14.99,74
14,standby,14.99,15.51,74
14,can,15.51,15.68,74
14,be,15.68,15.77,74
14,practical,15.77,16.37,74
14,if,16.37,16.51,74
14,you,16.51,16.6,74
14,want,16.6,16.8,74
14,to,16.8,16.88,74
14,save,16.88,17.18,74
14,money,17.18,17.53,74
14,it's,20.33,20.52,75
14,hard,20.52,20.69,75
14,to,20.69,20.78,75
14,tell,20.78,21.31,75
14,an,21.31,21.42,75
14,original,21.42,21.95,75
14,from,21.95,22.17,75
14,a,22.17,22.22,75
14,forgery,22.22,22.85,75
15,the,1.25,1.31,76
15,thinker,1.31,1.8,76
15,is,1.8,1.92,76
15,a,1.92,1.96,76
15,famous,1.96,2.36,76
15,sculpture,2.36,3.0,76
15,the,5.37,5.44,77
15,misprint,5.44,5.93,77
15,provoked,5.93,6.39,77
15,an,6.39,6.49,77
15,immediate,6.49,6.99,77
15,disclaimer,6.99,7.65,77
15,a,9.78,9.84,78
15,large,9.84,10.17,78
15,household,10.17,10.69,78
15,needs,10.69,11.06,78
15,lots,11.06,11.37,78
15,of,11.37,11.49,78
15,appliances,11.49,12.32,78
15,cut,14.55,14.76,79
15,a,14.79,14.87,79
15,small,14.87,15.19,79
15,corner,15.19,15.62,79
15,off,15.62,15.86,79
15,each,15.86,16.06,79
15,edge,16.06,16.54,79
15,iguanas,18.16,18.73,80
15,and,18.73,18.85,80
15,alligators,18.85,19.55,80
15,are,19.55,19.69,80
15,tropical,19.69,20.2,80
15,reptiles,20.2,20.96,80
16,masquerade,1.19,1.83,81
16,parties,1.83,2.25,81
16,tax,2.25,2.64,81
16,one's,2.64,2.97,81
16,imagination,2.97,3.84,81
16,penguins,5.32,5.8,82
16,lee,5.8,6.16,82
16,live,6.2,6.57,82
16,near,6.57,6.78,82
16,the,6.78,6.99,82
16,icy,7.03,7.39,82
16,antarctic,7.39,8.12,82
16,guess,9.68,9.95,83
16,the,9.95,10.01,83
16,question,10.01,10.46,83
16,from,10.46,10.67,83
16,the,10.67,10.79,83
16,answer,10.79,11.28,83
16,medieval,13.33,13.79,84
16,society,13.79,14.49,84
16,was,14.49,14.67,84
16,based,14.67,15.0,84
16,on,15.0,15.14,84
16,hierarchies,15.14,16.03,84
16,project,18.03,18.49,85
16,development,18.49,19.02,85
16,was,19.02,19.19,85
16,proceeding,19.19,19.76,85
16,too,19.76,19.95,85
16,slowly,19.95,20.45,85
17,kindergarten,1.1,1.71,86
17,children,1.71,2.2,86
17,decorate,2.2,2.72,86
17,their,2.72,2.85,86
17,classrooms,2.85,3.5,86
17,for,3.5,3.67,86
17,all,3.67,3.92,86
17,holidays,3.92,4.67,86
17,special,7.52,7.94,87
17,task,7.94,8.33,87
17,forces,8.33,8.86,87
17,rescue,8.86,9.29,87
17,hostages,9.29,9.9,87
17,from,9.9,10.11,87
17,kidnappers,10.11,10.95,87
17,call,12.94,13.18,88
17,an,13.18,13.31,88
17,ambulance,13.31,13.85,88
17,for,13.85,14.04,88
17,medical,14.04,14.45,88
17,assistance,14.45,15.24,88
17,he,17.3,17.43,89
17,stole,17.43,17.8,89
17,a,17.8,17.84,89
17,dime,17.84,18.24,89
17,from,18.24,18.43,89
17,a,18.43,18.5,89
17,beggar,18.5,18.98,89
17,you,20.9,21.01,90
17,must,21.01,21.26,90
17,explicitly,21.26,21.95,90
17,delete,21.95,22.38,90
17,files,22.38,23.03,90
18,a,1.15,1.19,91
18,huge,1.19,1.55,91
18,tapestry,1.55,2.18,91
18,hung,2.18,2.43,91
18,in,2.43,2.54,91
18,her,2.54,2.75,91
18,hallway,2.75,3.28,91
18,birthday,5.18,5.55,92
18,parties,5.55,6.08,92
18,have,6.08,6.18,92
18,cupcakes,6.18,6.82,92
18,and,6.82,6.93,92
18,ice,6.93,7.12,92
18,cream,7.12,7.55,92
18,his,9.88,10.08,93
18,scalp,10.08,10.45,93
18,was,10.45,10.61,93
18,blistered,10.61,11.11,93
18,from,11.11,11.3,93
18,today's,11.3,11.74,93
18,hot,11.74,11.97,93
18,sun,11.97,12.41,93
18,she,15.08,15.25,94
18,slipped,15.25,15.71,94
18,and,15.71,15.86,94
18,sprained,15.86,16.37,94
18,her,16.37,16.49,94
18,ankle,16.49,16.86,94
18,on,16.86,17.03,94
18,the,17.03,17.09,94
18,steep,17.09,17.48,94
18,slope,17.48,17.86,94
18,the,20.3,20.37,95
18,best,20.37,20.68,95
18,way,20.68,20.84,95
18,to,20.84,21.01,95
18,learn,21.01,21.34,95
18,is,21.34,21.44,95
18,to,21.44,21.56,95
18,solve,21.56,21.88,95
18,extra,21.91,22.22,95
18,problems,22.22,22.94,95
19,his,0.98,1.18,96
19,sudden,1.18,1.49,96
19,departure,1.49,2.05,96
19,shocked,2.05,2.5,96
19,the,2.5,2.56,96
19,cast,2.56,3.19,96
19,tugboats,4.98,5.58,97
19,are,5.58,5.7,97
19,capable,5.7,6.23,97
19,of,6.23,6.34,97
19,hauling,6.34,6.72,97
19,huge,6.72,7.13,97
19,loads,7.13,7.72,97
19,a,9.53,9.59,98
19,muscular,9.59,10.11,98
19,abdomen,10.11,10.69,98
19,is,10.69,10.82,98
19,good,10.82,11.03,98
19,for,11.03,11.2,98
19,your,11.2,11.3,98
19,back,11.3,11.78,98
19,the,13.91,13.97,99
19,cartoon,13.97,14.58,99
19,features,14.58,15.12,99
19,a,15.12,15.21,99
19,muskrat,15.21,15.79,99
19,and,15.79,15.92,99
19,a,15.92,15.97,99
19,tadpole,15.97,16.73,99
19,the,18.93,19.05,100
19,emblem,19.05,19.44,100
19,depicts,19.44,19.89,100
19,the,19.89,20.0,100
19,acropolis,20.0,20.64,100
19,all,20.64,20.97,100
19,aglow,20.97,21.5,100
20,clasp,1.14,1.59,101
20,the,1.59,1.67,101
20,screw,1.67,2.04,101
20,in,2.04,2.14,101
20,your,2.14,2.28,101
20,left,2.28,2.6,101
20,hand,2.6,3.01,101
20,the,4.55,4.61,102
20,mango,4.61,5.09,102
20,and,5.09,5.21,102
20,the,5.21,5.26,102
20,papaya,5.26,5.78,102
20,are,5.78,6.06,102
20,in,6.06,6.19,102
20,the,6.19,6.24,102
20,bowl,6.24,6.65,102
20,combine,8.85,9.32,103
20,all,9.32,9.49,103
20,the,9.49,9.67,103
20,ingredients,9.67,10.45,103
20,in,10.49,10.59,103
20,a,10.59,10.66,103
20,large,10.66,11.05,103
20,bowl,11.05,11.47,103
20,the,13.85,13.91,104
20,misquote,13.91,14.38,104
20,was,14.38,14.57,104
20,retracted,14.57,15.16,104
20,with,15.16,15.34,104
20,an,15.34,15.42,104
20,apology,15.42,16.13,104
20,the,18.14,18.2,105
20,coyote,18.2,18.75,105
20,bobcat,18.75,19.38,105
20,and,19.38,19.56,105
20,hyena,19.56,19.97,105
20,are,19.97,20.25,105
20,all,20.25,20.63,105
20,wild,20.74,21.13,105
20,animals,21.13,21.81,105
21,trespassing,1.09,1.83,106
21,is,1.83,1.99,106
21,forbidden,1.99,2.54,106
21,and,2.54,2.71,106
21,subject,2.71,3.13,106
21,to,3.13,3.21,106
21,penalty,3.21,3.73,106
21,encyclopedias,5.99,6.82,107
21,seldom,6.82,7.23,107
21,present,7.23,7.69,107
21,anecdotal,7.69,8.28,107
21,evidence,8.28,8.95,107
21,a,10.89,10.95,108
21,screwdriver,10.95,11.7,108
21,is,11.7,11.83,108
21,made,11.83,12.06,108
21,from,12.06,12.24,108
21,vodka,12.24,12.67,108
21,and,12.67,12.83,108
21,orange,12.83,13.17,108
21,juice,13.17,13.7,108
21,objects,16.03,16.6,109
21,made,16.6,16.82,109
21,of,16.82,16.96,109
21,pewter,16.96,17.34,109
21,are,17.34,17.45,109
21,beautiful,17.45,18.04,109
21,westchester,20.31,20.94,110
21,is,20.94,21.09,110
21,a,21.09,21.13,110
21,county,21.13,21.53,110
21,in,21.53,21.65,110
21,new,21.65,21.74,110
21,york,21.74,22.19,110
22,artificial,0.86,1.43,111
22,intelligence,1.43,2.1,111
22,is,2.1,2.25,111
22,for,2.25,2.44,111
22,real,2.44,2.87,111
22,the,5.19,5.33,112
22,emperor,5.33,5.74,112
22,had,5.74,5.91,112
22,a,5.91,5.97,112
22,mean,5.97,6.29,112
22,temper,6.29,6.82,112
22,lots,8.71,8.98,113
22,of,8.98,9.07,113
22,foreign,9.07,9.45,113
22,movies,9.45,9.85,113
22,have,9.85,10.03,113
22,subtitles,10.03,10.82,113
22,angora,12.58,13.11,114
22,cats,13.11,13.54,114
22,are,13.54,13.66,114
22,furrier,13.66,14.23,114
22,than,14.23,14.39,114
22,siamese,14.39,15.14,114
22,he,16.72,16.92,115
22,ate,16.92,17.22,115
22,four,17.22,17.62,115
22,extra,17.62,18.04,115
22,eggs,18.04,18.36,115
22,for,18.36,18.48,115
22,breakfast,18.48,19.19,115
23,we,1.23,1.37,116
23,plan,1.37,1.74,116
23,to,1.74,1.87,116
23,build,1.87,2.27,116
23,a,2.27,2.33,116
23,new,2.33,2.52,116
23,beverage,2.52,3.03,116
23,plant,3.03,3.47,116
23,publicity,5.17,5.77,117
23,and,5.77,5.94,117
23,notoriety,5.94,6.66,117
23,go,6.66,6.88,117
23,hand,6.88,7.18,117
23,in,7.18,7.39,117
23,hand,7.39,7.76,117
23,pizzerias,9.68,10.35,118
23,are,10.35,10.44,118
23,convenient,10.44,11.02,118
23,for,11.02,11.2,118
23,a,11.2,11.24,118
23,quick,11.24,11.52,118
23,lunch,11.52,11.95,118
23,december,14.1,14.57,119
23,and,14.57,14.75,119
23,january,14.75,15.31,119
23,are,15.31,15.41,119
23,nice,15.41,15.75,119
23,months,15.75,16.1,119
23,to,16.1,16.19,119
23,spend,16.19,16.5,119
23,in,16.5,16.62,119
23,miami,16.62,17.18,119
23,technical,19.74,20.19,120
23,writers,20.19,20.62,120
23,can,20.62,20.77,120
23,abbreviate,20.77,21.38,120
23,in,21.38,21.54,120
23,bibliographies,21.54,22.53,120
24,scientific,1.22,1.89,121
24,progress,1.89,2.4,121
24,comes,2.4,2.67,121
24,from,2.67,2.92,121
24,the,2.92,2.97,121
24,development,2.97,3.58,121
24,of,3.58,3.73,121
24,new,3.73,3.87,121
24,techniques,3.87,4.66,121
24,the,7.63,7.68,122
24,clumsy,7.68,8.13,122
24,customer,8.13,8.63,122
24,spilled,8.63,9.03,122
24,some,9.03,9.19,122
24,expensive,9.19,9.78,122
24,perfume,9.78,10.36,122
24,the,13.18,13.23,123
24,bungalow,13.23,13.77,123
24,was,13.77,13.94,123
24,pleasantly,13.94,14.39,123
24,situated,14.39,15.05,123
24,near,15.05,15.18,123
24,the,15.18,15.27,123
24,shore,15.27,15.75,123
24,agricultural,18.24,18.98,124
24,products,18.98,19.5,124
24,are,19.5,19.69,124
24,unevenly,19.69,20.2,124
24,distributed,20.2,20.92,124
24,pledge,23.43,23.76,125
24,to,23.76,23.85,125
24,participate,23.85,24.6,125
24,in,24.6,24.76,125
24,nevada's,24.76,25.24,125
24,aquatic,25.24,25.66,125
24,competition,25.66,26.42,125
25,which,0.0,1.21,126
25,long,1.21,1.49,126
25,article,1.49,1.98,126
25,was,1.98,2.14,126
25,opaque,2.14,2.58,126
25,and,2.58,2.72,126
25,needed,2.72,3.03,126
25,clarification,3.03,3.93,126
25,the,6.29,6.34,127
25,sound,6.34,6.68,127
25,of,6.68,6.77,127
25,jennifer's,6.77,7.24,127
25,bugle,7.24,7.67,127
25,scared,7.67,8.07,127
25,the,8.07,8.17,127
25,antelope,8.17,8.71,127
25,the,11.67,11.75,128
25,willowy,11.75,12.13,128
25,woman,12.13,12.57,128
25,wore,12.57,12.72,128
25,a,12.72,12.77,128
25,muskrat,12.77,13.35,128
25,coat,13.35,13.68,128
25,too,15.77,15.89,129
25,much,15.89,16.14,129
25,curiosity,16.14,16.85,129
25,can,16.85,17.04,129
25,get,17.04,17.28,129
25,you,17.28,17.38,129
25,into,17.38,17.59,129
25,trouble,17.59,18.04,129
25,cyclical,20.47,20.99,130
25,programs,20.99,21.6,130
25,will,21.6,21.74,130
25,never,21.74,22.04,130
25,compile,22.04,22.64,130
26,correct,1.5,1.87,131
26,execution,1.9,2.53,131
26,of,2.53,2.64,131
26,my,2.64,2.79,131
26,instructions,2.79,3.4,131
26,is,3.4,3.51,131
26,crucial,3.51,3.97,131
26,most,6.31,6.59,132
26,precincts,6.59,7.23,132
26,had,7.23,7.33,132
26,a,7.33,7.37,132
26,third,7.37,7.71,132
26,of,7.71,7.79,132
26,the,7.79,7.84,132
26,votes,7.84,8.14,132
26,counted,8.14,8.64,132
26,while,8.79,11.85,133
26,waiting,11.85,12.15,133
26,for,12.15,12.29,133
26,chipper,12.29,12.66,133
26,she,12.66,12.83,133
26,crisscrossed,12.83,13.51,133
26,the,13.51,13.57,133
26,square,13.57,13.94,133
26,many,13.94,14.2,133
26,times,14.2,14.81,133
26,vietnamese,17.78,18.38,134
26,cuisine,18.38,18.86,134
26,is,18.86,19.02,134
26,exquisite,19.02,19.64,134
26,the,21.72,21.77,135
26,previous,21.77,22.18,135
26,speaker,22.18,22.61,135
26,presented,22.61,23.15,135
26,ambiguous,23.15,23.78,135
26,results,23.78,24.44,135
27,mosquitoes,0.57,1.23,136
27,exist,1.23,1.72,136
27,in,1.72,1.94,136
27,warm,1.94,2.25,136
27,humid,2.25,2.63,136
27,climates,2.63,3.31,136
27,scholastic,4.66,5.28,137
27,aptitude,5.28,5.9,137
27,is,5.9,6.03,137
27,judged,6.03,6.52,137
27,by,6.52,6.67,137
27,standardized,6.67,7.48,137
27,tests,7.48,8.06,137
27,orange,9.94,10.23,138
27,juice,10.23,10.49,138
27,tastes,10.49,10.85,138
27,funny,10.85,11.18,138
27,after,11.18,11.42,138
27,toothpaste,11.42,12.23,138
27,the,14.47,14.54,139
27,water,14.54,14.86,139
27,contained,14.86,15.39,139
27,too,15.39,15.52,139
27,much,15.52,15.78,139
27,chlorine,15.78,16.36,139
27,and,16.36,16.52,139
27,stung,16.52,16.88,139
27,his,16.88,17.06,139
27,eyes,17.06,17.53,139
27,our,20.24,20.37,140
27,experiment's,20.37,20.99,140
27,positive,20.99,21.59,140
27,outcome,21.59,22.04,140
27,was,22.04,22.19,140
27,unexpected,22.19,23.04,140
28,remove,0.91,1.31,141
28,the,1.31,1.37,141
28,splinter,1.37,1.9,141
28,with,1.9,2.05,141
28,a,2.05,2.09,141
28,pair,2.09,2.39,141
28,of,2.39,2.5,141
28,tweezers,2.5,3.19,141
28,the,5.42,5.5,142
28,drunkard,5.5,6.01,142
28,is,6.01,6.16,142
28,a,6.16,6.22,142
28,social,6.22,6.65,142
28,outcast,6.65,7.43,142
28,the,9.83,9.9,143
28,government,9.9,10.32,143
28,sought,10.32,10.66,143
28,authorization,10.66,11.49,143
28,of,11.49,11.64,143
28,his,11.64,11.75,143
28,citizenship,11.75,12.49,143
28,as,14.98,15.12,144
28,coauthors,15.12,15.72,144
28,we,15.76,15.86,144
28,presented,15.86,16.4,144
28,our,16.4,16.59,144
28,new,16.59,16.78,144
28,book,16.78,17.08,144
28,to,17.08,17.23,144
28,the,17.23,17.43,144
28,haughty,17.43,17.69,144
28,audience,17.69,18.36,144
28,as,21.17,21.34,145
28,a,21.34,21.38,145
28,precaution,21.38,22.04,145
28,the,22.04,22.15,145
28,outlaws,22.15,22.58,145
28,bought,22.58,22.87,145
28,gunpowder,22.87,23.49,145
28,for,23.49,23.66,145
28,their,23.66,23.81,145
28,stronghold,23.81,24.51,145
29,her,0.0,1.6,146
29,auburn,1.63,2.04,146
29,hair,2.04,2.34,146
29,reminded,2.34,2.91,146
29,him,2.91,3.08,146
29,of,3.08,3.21,146
29,autumn,3.21,3.67,146
29,leaves,3.67,4.31,146
29,they,6.61,6.69,147
29,remained,6.69,7.23,147
29,lifelong,7.23,7.78,147
29,friends,7.78,8.22,147
29,and,8.22,8.35,147
29,companions,8.35,9.17,147
29,curiosity,11.04,11.78,148
29,and,11.78,11.99,148
29,me,11.99,12.26,148
29,mediocrity,12.29,13.04,148
29,seldom,13.04,13.52,148
29,coexist,13.52,14.37,148
29,biologists,15.79,16.59,149
29,use,16.59,16.83,149
29,radioactive,16.83,17.58,149
29,isotopes,17.58,18.29,149
29,to,18.29,18.35,149
29,study,18.35,18.72,149
29,microorganisms,18.72,19.91,149
29,employee,21.57,22.06,150
29,layoffs,22.06,22.62,150
29,coincided,22.62,23.35,150
29,with,23.35,23.53,150
29,the,23.53,23.58,150
29,company's,23.58,24.08,150
29,reorganization,24.08,25.14,150
30,who,0.76,1.64,151
30,took,1.64,1.91,151
30,the,1.91,1.98,151
30,kayak,1.98,2.44,151
30,down,2.44,2.65,151
30,the,2.65,2.7,151
30,bayou,2.7,3.2,151
30,how,3.23,5.13,152
30,would,5.13,5.36,152
30,you,5.36,5.49,152
30,evaluate,5.49,6.09,152
30,this,6.09,6.24,152
30,algebraic,6.24,6.93,152
30,expression,6.93,7.56,152
30,the,9.78,9.83,153
30,mayan,9.83,10.35,153
30,neoclassical,10.35,11.04,153
30,scholar,11.04,11.52,153
30,disappeared,11.52,12.18,153
30,while,12.18,12.31,153
30,surveying,12.31,12.87,153
30,ancient,12.87,13.24,153
30,ruins,13.24,13.83,153
30,the,16.63,16.69,154
30,diagnosis,16.69,17.49,154
30,was,17.49,17.65,154
30,discouraging,17.65,18.42,154
30,however,18.42,18.9,154
30,he,18.9,19.04,154
30,was,19.04,19.27,154
30,not,19.27,19.5,154
30,overly,19.5,19.89,154
30,worried,19.89,20.35,154
30,the,23.05,23.11,155
30,triumphant,23.11,23.72,155
30,warrior,23.72,24.21,155
30,exhibited,24.21,24.82,155
30,naive,24.82,25.39,155
30,heroism,25.39,26.07,155
31,whoever,0.0,1.86,156
31,cooperates,1.86,2.55,156
31,in,2.55,2.65,156
31,finding,2.65,3.15,156
31,nan's,3.15,3.5,156
31,cameo,3.5,4.05,156
31,will,4.05,4.19,156
31,be,4.19,4.37,156
31,rewarded,4.37,4.98,156
31,severe,7.09,7.53,157
31,myopia,7.53,8.12,157
31,contributed,8.12,8.76,157
31,to,8.76,8.89,157
31,ron's,8.89,9.3,157
31,inferiority,9.3,10.08,157
31,complex,10.08,10.82,157
31,buying,12.8,13.15,158
31,a,13.15,13.18,158
31,thoroughbred,13.18,13.75,158
31,horse,13.75,14.16,158
31,requires,14.16,14.68,158
31,intuition,14.68,15.33,158
31,and,15.33,15.48,158
31,expertise,15.48,16.35,158
31,does,18.73,18.91,159
31,creole,18.91,19.29,159
31,cooking,19.29,19.74,159
31,use,19.74,19.94,159
31,curry,19.94,20.39,159
31,she,22.4,22.63,160
31,encouraged,22.63,23.32,160
31,her,23.32,23.37,160
31,children,23.37,24.04,160
31,to,24.11,24.21,160
31,make,24.21,24.47,160
31,their,24.47,24.63,160
31,own,24.63,24.86,160
31,halloween,24.86,25.33,160
31,costumes,25.33,26.1,160
32,we,0.98,1.06,161
32,could,1.06,1.25,161
32,barely,1.25,1.59,161
32,see,1.59,1.87,161
32,the,1.87,1.98,161
32,fjords,1.98,2.58,161
32,through,2.58,2.75,161
32,the,2.75,2.86,161
32,snow,2.86,3.16,161
32,flurries,3.16,3.82,161
32,almost,6.7,7.2,162
32,all,7.27,7.52,162
32,colleges,7.52,8.11,162
32,are,8.11,8.2,162
32,now,8.2,8.43,162
32,coeducational,8.43,9.46,162
32,rich,11.22,11.5,163
32,looked,11.5,11.77,163
32,for,11.77,11.93,163
32,the,11.93,12.02,163
32,spotted,12.02,12.49,163
32,hyenas,12.49,13.06,163
32,and,13.06,13.21,163
32,jaguars,13.21,13.94,163
32,on,14.09,14.28,163
32,the,14.28,14.33,163
32,safari,14.33,14.95,163
32,thick,17.09,17.47,164
32,glue,17.47,17.82,164
32,oozed,17.85,18.22,164
32,out,18.22,18.43,164
32,of,18.43,18.59,164
32,the,18.59,18.65,164
32,tube,18.65,19.17,164
32,why,20.34,21.29,165
32,else,21.29,21.61,165
32,would,21.61,21.77,165
32,danny,21.77,22.13,165
32,allow,22.13,22.48,165
32,others,22.48,22.72,165
32,to,22.72,22.84,165
32,go,22.84,23.19,165
33,the,0.89,0.95,166
33,cat's,0.95,1.33,166
33,meow,1.33,1.65,166
33,always,1.65,2.13,166
33,hurts,2.13,2.29,166
33,my,2.29,2.45,166
33,ears,2.45,3.01,166
33,did,5.49,5.62,167
33,you,5.62,5.73,167
33,buy,5.73,5.97,167
33,any,5.97,6.17,167
33,corduroy,6.17,6.77,167
33,overalls,6.77,7.42,167
33,would,8.99,9.12,168
33,a,9.12,9.18,168
33,tomboy,9.18,9.85,168
33,often,9.85,10.26,168
33,play,10.26,10.51,168
33,outdoors,10.51,11.23,168
33,they,13.16,13.24,169
33,often,13.24,13.56,169
33,go,13.56,13.73,169
33,out,13.73,13.94,169
33,in,13.94,14.1,169
33,the,14.1,14.18,169
33,evening,14.18,14.64,169
33,who,14.67,16.8,170
33,authorized,16.8,17.42,170
33,the,17.42,17.51,170
33,unlimited,17.51,18.04,170
33,expense,18.04,18.47,170
33,account,18.47,18.85,170
34,destroy,1.27,1.7,171
34,every,1.7,2.04,171
34,file,2.04,2.45,171
34,related,2.45,2.92,171
34,to,2.92,3.04,171
34,my,3.04,3.23,171
34,audits,3.23,3.84,171
34,serve,5.62,6.03,172
34,the,6.03,6.08,172
34,coleslaw,6.08,6.82,172
34,after,6.82,7.1,172
34,i,7.1,7.23,172
34,add,7.23,7.46,172
34,the,7.46,7.59,172
34,oil,7.59,7.99,172
34,withdraw,10.02,10.49,173
34,all,10.49,10.74,173
34,phony,10.74,11.15,173
34,accusations,11.15,11.91,173
34,at,11.91,12.03,173
34,once,12.03,12.56,173
34,straw,14.09,14.48,174
34,hats,14.48,14.83,174
34,are,14.83,14.94,174
34,out,14.94,15.11,174
34,of,15.11,15.17,174
34,fashion,15.17,15.64,174
34,this,15.64,15.84,174
34,year,15.84,16.08,174
34,why,16.13,18.84,175
34,buy,18.84,19.09,175
34,oil,19.09,19.48,175
34,when,19.48,19.65,175
34,you,19.65,19.78,175
34,always,19.78,20.12,175
34,use,20.12,20.29,175
34,mine,20.29,20.76,175
35,they,1.28,1.44,176
35,enjoy,1.44,1.79,176
35,it,1.79,1.94,176
35,when,1.94,2.12,176
35,i,2.12,2.28,176
35,audition,2.28,2.88,176
35,would,5.03,5.18,177
35,you,5.18,5.27,177
35,allow,5.27,5.6,177
35,acts,5.6,5.9,177
35,of,5.9,6.01,177
35,violence,6.01,6.69,177
35,do,8.45,8.6,178
35,oysters,8.6,9.06,178
35,make,9.06,9.25,178
35,pearls,9.25,9.78,178
35,draw,11.71,11.95,179
35,each,11.95,12.24,179
35,graph,12.24,12.6,179
35,on,12.6,12.7,179
35,a,12.7,12.77,179
35,new,12.77,12.97,179
35,axis,12.97,13.61,179
35,norwegian,15.21,15.73,180
35,sweaters,15.73,16.25,180
35,are,16.25,16.32,180
35,made,16.32,16.54,180
35,of,16.54,16.68,180
35,lamb's,16.68,17.07,180
35,wool,17.07,17.4,180
36,young,1.02,1.28,181
36,children,1.28,1.76,181
36,should,1.76,1.95,181
36,avoid,1.95,2.29,181
36,exposure,2.29,2.87,181
36,to,2.87,3.02,181
36,contagious,3.02,3.61,181
36,diseases,3.61,4.38,181
36,ralph,6.71,6.98,182
36,controlled,6.98,7.45,182
36,the,7.45,7.51,182
36,stopwatch,7.51,8.14,182
36,from,8.14,8.34,182
36,the,8.34,8.39,182
36,bleachers,8.39,9.07,182
36,approach,11.87,12.3,183
36,your,12.3,12.4,183
36,interview,12.4,12.91,183
36,with,12.91,13.03,183
36,statuesque,13.03,13.79,183
36,composure,13.79,14.5,183
36,how,14.53,17.52,184
36,much,17.52,17.75,184
36,allowance,17.75,18.22,184
36,do,18.22,18.34,184
36,you,18.34,18.51,184
36,get,18.51,18.79,184
36,the,20.67,20.72,185
36,causeway,20.72,21.3,185
36,ended,21.3,21.57,185
36,abruptly,21.57,22.05,185
36,at,22.05,22.18,185
36,the,22.18,22.24,185
36,shore,22.24,22.71,185
37,even,1.48,1.72,186
37,i,1.72,1.84,186
37,occasionally,1.84,2.5,186
37,get,2.5,2.68,186
37,the,2.68,2.74,186
37,monday,2.74,3.11,186
37,blues,3.11,3.67,186
37,military,5.85,6.34,187
37,personnel,6.34,6.91,187
37,are,6.91,7.03,187
37,expected,7.03,7.56,187
37,to,7.56,7.71,187
37,obey,7.71,8.05,187
37,government,8.05,8.53,187
37,orders,8.53,9.12,187
37,when,9.15,11.76,188
37,peeling,11.76,12.11,188
37,an,12.11,12.2,188
37,orange,12.2,12.78,188
37,it's,12.83,13.02,188
37,hard,13.02,13.32,188
37,not,13.32,13.53,188
37,to,13.53,13.61,188
37,spray,13.61,13.91,188
37,juice,13.91,14.46,188
37,do,17.4,17.49,189
37,you,17.49,17.58,189
37,hear,17.58,17.77,189
37,the,17.77,17.86,189
37,sleigh,17.86,18.18,189
37,bells,18.18,18.54,189
37,ringing,18.54,18.99,189
37,rob,21.85,22.18,190
37,sat,22.18,22.46,190
37,by,22.46,22.58,190
37,the,22.58,22.66,190
37,pond,22.66,23.04,190
37,and,23.04,23.18,190
37,sketched,23.18,23.67,190
37,the,23.67,23.72,190
37,stray,23.72,24.05,190
37,geese,24.05,24.64,190
38,michael,1.44,1.76,191
38,colored,1.76,2.17,191
38,the,2.17,2.23,191
38,bedroom,2.23,2.72,191
38,wall,2.72,2.94,191
38,with,2.94,3.12,191
38,crayons,3.12,3.82,191
38,only,5.98,6.25,192
38,the,6.25,6.36,192
38,best,6.36,6.66,192
38,players,6.66,7.06,192
38,enjoy,7.06,7.38,192
38,popularity,7.38,8.22,192
38,i,10.38,10.48,193
38,gave,10.48,10.74,193
38,them,10.74,10.89,193
38,several,10.89,11.27,193
38,choices,11.27,11.81,193
38,and,11.81,11.96,193
38,let,11.96,12.14,193
38,them,12.14,12.34,193
38,set,12.34,12.58,193
38,the,12.58,12.63,193
38,priorities,12.63,13.53,193
38,the,16.26,16.32,194
38,news,16.32,16.57,194
38,agency,16.57,17.08,194
38,hired,17.08,17.47,194
38,a,17.47,17.5,194
38,great,17.5,17.82,194
38,journalist,17.82,18.56,194
38,the,20.91,20.96,195
38,morning,20.96,21.4,195
38,dew,21.4,21.71,195
38,on,21.71,21.88,195
38,the,21.88,21.94,195
38,spider,21.94,22.45,195
38,web,22.45,22.78,195
38,glistened,22.78,23.26,195
38,in,23.26,23.39,195
38,the,23.39,23.44,195
38,sun,23.44,23.88,195
39,the,1.8,1.85,196
39,sermon,1.85,2.31,196
39,emphasized,2.31,3.05,196
39,the,3.05,3.13,196
39,need,3.13,3.4,196
39,for,3.4,3.61,196
39,affirmative,3.61,4.12,196
39,action,4.12,4.64,196
39,the,7.11,7.16,197
39,small,7.16,7.5,197
39,boy,7.5,7.75,197
39,put,7.75,8.01,197
39,the,8.01,8.08,197
39,worm,8.08,8.47,197
39,on,8.47,8.61,197
39,the,8.61,8.75,197
39,hook,8.75,9.07,197
39,how,9.1,11.82,198
39,permanent,11.82,12.46,198
39,are,12.46,12.6,198
39,their,12.6,12.77,198
39,records,12.77,13.44,198
39,try,15.49,15.78,199
39,to,15.78,15.87,199
39,recall,15.87,16.29,199
39,the,16.29,16.42,199
39,events,16.42,16.79,199
39,in,16.79,16.9,199
39,chronological,16.9,17.69,199
39,order,17.69,18.16,199
39,the,20.27,20.33,200
39,most,20.33,20.64,200
39,recent,20.64,21.07,200
39,geological,21.07,21.7,200
39,survey,21.7,22.18,200
39,found,22.18,22.49,200
39,seismic,22.49,23.01,200
39,activity,23.01,23.65,200
40,cory,1.13,1.52,201
40,attacked,1.52,1.94,201
40,the,1.94,2.0,201
40,project,2.0,2.54,201
40,with,2.54,2.74,201
40,extra,2.74,3.08,201
40,determination,3.08,3.98,201
40,you,6.24,6.34,202
40,always,6.34,6.67,202
40,come,6.67,6.91,202
40,up,6.91,7.06,202
40,with,7.06,7.23,202
40,pathological,7.23,8.0,202
40,examples,8.0,8.74,202
40,put,11.34,11.51,203
40,the,11.51,11.58,203
40,butcher,11.58,11.85,203
40,block,11.85,12.19,203
40,table,12.19,12.59,203
40,in,12.59,12.74,203
40,the,12.74,12.79,203
40,garage,12.79,13.43,203
40,how,13.46,16.1,204
40,good,16.1,16.39,204
40,is,16.39,16.54,204
40,your,16.54,16.69,204
40,endurance,16.69,17.39,204
40,keep,19.11,19.33,205
40,the,19.33,19.42,205
40,thermometer,19.42,20.03,205
40,under,20.03,20.27,205
40,your,20.27,20.43,205
40,tongue,20.43,20.85,205
41,steph,0.72,1.08,206
41,could,1.08,1.25,206
41,barely,1.25,1.62,206
41,handle,1.62,1.96,206
41,the,1.96,2.05,206
41,psychological,2.05,2.79,206
41,trauma,2.79,3.32,206
41,it's,5.71,5.89,207
41,healthier,5.89,6.32,207
41,to,6.32,6.4,207
41,cook,6.4,6.71,207
41,without,6.71,7.06,207
41,sugar,7.06,7.5,207
41,the,9.97,10.03,208
41,viewpoint,10.03,10.63,208
41,overlooked,10.63,11.15,208
41,the,11.15,11.3,208
41,ocean,11.3,11.73,208
41,are,13.99,14.07,209
41,you,14.07,14.22,209
41,looking,14.22,14.5,209
41,for,14.5,14.72,209
41,employment,14.72,15.24,209
41,his,17.5,17.64,210
41,failure,17.64,18.05,210
41,to,18.05,18.3,210
41,open,18.3,18.6,210
41,the,18.6,18.65,210
41,store,18.65,19.1,210
41,by,19.1,19.36,210
41,eight,19.36,19.63,210
41,cost,19.63,19.96,210
41,him,19.96,20.06,210
41,his,20.06,20.19,210
41,job,20.19,20.58,210
42,highway,0.0,1.73,211
42,and,1.73,1.9,211
42,freeway,1.9,2.33,211
42,mean,2.33,2.56,211
42,the,2.56,2.62,211
42,same,2.62,2.94,211
42,thing,2.94,3.37,211
42,the,5.83,5.89,212
42,paper,5.89,6.25,212
42,boy,6.25,6.53,212
42,bought,6.53,6.9,212
42,two,6.9,7.09,212
42,apples,7.09,7.54,212
42,and,7.54,7.72,212
42,three,7.72,7.98,212
42,ices,7.98,8.57,212
42,i,10.46,10.58,213
42,itemize,10.58,11.14,213
42,all,11.14,11.36,213
42,accounts,11.36,11.84,213
42,in,11.84,11.92,213
42,my,11.92,12.1,213
42,agency,12.1,12.73,213
42,clear,14.46,14.75,214
42,pronunciation,14.75,15.65,214
42,is,15.65,15.78,214
42,appreciated,15.78,16.52,214
42,the,18.41,18.47,215
42,courier,18.47,18.93,215
42,was,18.93,19.11,215
42,a,19.11,19.14,215
42,dwarf,19.14,19.66,215
43,a,1.39,1.44,216
43,doctor,1.44,1.94,216
43,was,1.94,2.21,216
43,in,2.21,2.36,216
43,the,2.36,2.47,216
43,ambulance,2.47,3.01,216
43,with,3.01,3.14,216
43,the,3.14,3.2,216
43,patient,3.2,3.8,216
43,puree,6.22,6.6,217
43,some,6.6,6.82,217
43,fruit,6.82,7.28,217
43,before,7.28,7.65,217
43,preparing,7.65,8.22,217
43,the,8.22,8.27,217
43,skewers,8.27,8.97,217
43,it's,11.05,11.21,218
43,not,11.21,11.44,218
43,easy,11.44,11.72,218
43,to,11.72,11.85,218
43,create,11.85,12.32,218
43,illuminating,12.32,12.95,218
43,examples,12.95,13.73,218
43,the,15.81,15.95,219
43,hallway,15.95,16.35,219
43,opens,16.35,16.77,219
43,into,16.77,17.09,219
43,a,17.09,17.16,219
43,huge,17.16,17.73,219
43,chamber,17.73,18.36,219
43,they,20.24,20.35,220
43,all,20.35,20.56,220
43,agree,20.56,20.93,220
43,that,20.93,21.17,220
43,the,21.17,21.28,220
43,essay,21.28,21.63,220
43,is,21.63,21.77,220
43,barely,21.77,22.19,220
43,intelligible,22.19,22.95,220
44,how,0.0,1.64,221
44,ancient,1.64,2.07,221
44,is,2.07,2.24,221
44,this,2.24,2.38,221
44,subway,2.38,2.78,221
44,escalator,2.78,3.48,221
44,the,5.37,5.42,222
44,cigarettes,5.42,6.03,222
44,in,6.03,6.13,222
44,the,6.13,6.19,222
44,clay,6.19,6.5,222
44,ashtray,6.5,7.03,222
44,overflowed,7.03,7.66,222
44,onto,7.66,8.0,222
44,the,8.0,8.18,222
44,oak,8.18,8.35,222
44,table,8.35,8.82,222
44,reading,11.98,12.33,223
44,in,12.33,12.45,223
44,poor,12.45,12.73,223
44,light,12.73,13.0,223
44,gives,13.0,13.25,223
44,you,13.25,13.35,223
44,eyestrain,13.35,14.03,223
44,i,16.45,16.55,224
44,ate,16.55,16.81,224
44,every,16.81,17.11,224
44,oyster,17.11,17.52,224
44,on,17.52,17.68,224
44,nora's,17.68,18.01,224
44,plate,18.01,18.39,224
44,the,20.38,20.44,225
44,boston,20.44,20.91,225
44,ballet,20.91,21.3,225
44,overcame,21.3,21.85,225
44,their,21.85,21.95,225
44,funding,21.95,22.38,225
44,shortage,22.38,23.03,225
45,the,0.93,1.0,226
45,gorgeous,1.0,1.42,226
45,butterfly,1.42,1.97,226
45,ate,1.97,2.24,226
45,a,2.24,2.32,226
45,lot,2.32,2.52,226
45,of,2.52,2.64,226
45,nectar,2.64,3.15,226
45,by,5.57,5.72,227
45,eating,5.72,5.99,227
45,yogurt,5.99,6.41,227
45,you,6.41,6.52,227
45,may,6.52,6.72,227
45,live,6.72,6.95,227
45,longer,6.95,7.43,227
45,do,10.34,10.44,228
45,they,10.44,10.58,228
45,allow,10.58,10.87,228
45,atheists,10.87,11.45,228
45,in,11.45,11.57,228
45,church,11.57,12.06,228
45,my,13.61,13.79,229
45,ideal,13.79,14.18,229
45,morning,14.18,14.62,229
45,begins,14.62,14.99,229
45,with,14.99,15.1,229
45,hot,15.1,15.36,229
45,coffee,15.36,15.85,229
45,the,17.81,17.92,230
45,irate,17.92,18.29,230
45,actor,18.29,18.73,230
45,stomped,18.73,19.2,230
45,away,19.2,19.51,230
45,idiotically,19.51,20.34,230
46,we,1.7,1.8,231
46,are,1.8,1.91,231
46,open,1.91,2.26,231
46,every,2.26,2.56,231
46,monday,2.56,2.98,231
46,evening,2.98,3.47,231
46,the,4.97,5.09,232
46,essay,5.09,5.4,232
46,undeniable,5.4,6.31,232
46,undeniably,6.39,7.3,232
46,reflects,7.3,7.81,232
46,our,7.81,7.99,232
46,view,7.99,8.23,232
46,ably,8.26,8.78,232
46,remember,10.3,10.74,233
46,to,10.74,10.95,233
46,allow,10.95,11.25,233
46,identical,11.25,11.78,233
46,twins,11.78,12.16,233
46,to,12.16,12.25,233
46,enter,12.25,12.51,233
46,freely,12.51,13.02,233
46,do,15.21,15.29,234
46,they,15.29,15.46,234
46,have,15.46,15.74,234
46,the,15.74,15.79,234
46,yellow,15.79,16.19,234
46,ointment,16.19,16.59,234
46,ready,16.59,16.96,234
46,can,19.49,19.64,235
46,the,19.64,19.71,235
46,agency,19.71,20.28,235
46,overthrow,20.28,20.84,235
46,alien,20.84,21.28,235
46,forces,21.28,21.95,235
47,how,0.0,1.06,236
47,oily,1.06,1.48,236
47,do,1.48,1.61,236
47,you,1.61,1.72,236
47,like,1.72,1.96,236
47,your,1.96,2.05,236
47,salad,2.05,2.44,236
47,dressing,2.44,2.94,236
47,we,5.0,5.12,237
47,saw,5.12,5.42,237
47,eight,5.47,5.72,237
47,tiny,5.72,6.07,237
47,icicles,6.07,6.59,237
47,below,6.59,6.93,237
47,our,6.93,7.07,237
47,roof,7.07,7.51,237
47,the,9.42,9.47,238
47,saw,9.47,9.78,238
47,was,9.78,9.96,238
47,broken,9.96,10.47,238
47,so,10.47,10.65,238
47,chop,10.65,11.03,238
47,the,11.03,11.1,238
47,wood,11.1,11.31,238
47,instead,11.31,11.97,238
47,withdraw,13.85,14.33,239
47,only,14.33,14.58,239
47,as,14.58,14.73,239
47,much,14.73,14.97,239
47,money,14.97,15.27,239
47,as,15.27,15.43,239
47,you,15.43,15.52,239
47,need,15.52,15.86,239
47,draw,18.23,18.48,240
47,every,18.48,19.02,240
47,outer,19.02,19.45,240
47,line,19.45,19.8,240
47,first,19.8,20.26,240
47,then,20.32,20.58,240
47,fill,20.58,20.86,240
47,in,20.86,21.02,240
47,the,21.02,21.11,240
47,interior,21.11,21.8,240
48,the,1.01,1.08,241
48,jaw,1.08,1.39,241
48,operates,1.39,1.91,241
48,by,1.91,2.08,241
48,using,2.08,2.56,241
48,antagonistic,2.56,3.42,241
48,muscles,3.42,4.02,241
48,do,5.84,5.99,242
48,atypical,5.99,6.62,242
48,farmers,6.62,7.13,242
48,grow,7.13,7.42,242
48,oats,7.42,7.87,242
48,are,9.49,9.63,243
48,holiday,9.63,10.11,243
48,aprons,10.11,10.57,243
48,available,10.57,11.03,243
48,to,11.03,11.23,243
48,us,11.23,11.56,243
48,be,13.31,13.43,244
48,careful,13.43,13.89,244
48,not,13.89,14.14,244
48,to,14.14,14.23,244
48,plow,14.23,14.54,244
48,over,14.54,14.79,244
48,the,14.79,14.87,244
48,flower,14.87,15.26,244
48,beds,15.26,15.79,244
48,allow,18.01,18.34,245
48,each,18.34,18.58,245
48,child,18.58,18.98,245
48,to,18.98,19.08,245
48,have,19.08,19.23,245
48,an,19.23,19.31,245
48,ice,19.31,19.54,245
48,pop,19.57,19.88,245
49,the,0.97,1.08,246
49,angry,1.08,1.37,246
49,boy,1.37,1.71,246
49,answered,1.71,2.26,246
49,but,2.26,2.43,246
49,didn't,2.43,2.72,246
49,look,2.72,2.91,246
49,up,2.91,3.14,246
49,cliff,5.7,6.03,247
49,was,6.03,6.18,247
49,soothed,6.18,6.67,247
49,by,6.67,6.83,247
49,the,6.83,6.96,247
49,luxurious,6.96,7.69,247
49,massage,7.69,8.39,247
49,steve,10.03,10.43,248
49,wore,10.43,10.72,248
49,a,10.72,10.78,248
49,bright,10.78,11.18,248
49,red,11.18,11.45,248
49,cashmere,11.45,12.0,248
49,sweater,12.0,12.55,248
49,john's,14.48,14.83,249
49,brother,14.83,15.25,249
49,repainted,15.25,15.99,249
49,the,15.99,16.06,249
49,garage,16.06,16.48,249
49,door,16.48,16.89,249
49,red,19.23,19.55,250
49,cor,19.55,19.79,250
49,the,19.79,19.96,250
49,red,19.96,20.21,250
49,corsage,20.21,20.94,250
49,smelled,20.94,21.26,250
49,sweet,21.26,21.63,250
50,to,0.89,1.02,251
50,further,1.02,1.49,251
50,his,1.49,1.64,251
50,prestige,1.64,2.33,251
50,he,2.33,2.4,251
50,occasionally,2.4,3.05,251
50,reads,3.05,3.44,251
50,the,3.44,3.52,251
50,wall,3.52,3.73,251
50,street,3.73,4.04,251
50,journal,4.04,4.51,251
50,alice's,7.64,8.13,252
50,ability,8.13,8.56,252
50,to,8.56,8.74,252
50,work,8.74,9.01,252
50,without,9.01,9.33,252
50,supervision,9.33,10.01,252
50,is,10.01,10.15,252
50,noteworthy,10.15,10.83,252
50,the,13.28,13.38,253
50,oasis,13.38,13.94,253
50,was,13.94,14.14,253
50,a,14.14,14.17,253
50,mirage,14.17,14.81,253
50,cory,16.37,16.75,254
50,and,16.75,16.88,254
50,trish,16.88,17.32,254
50,played,17.38,17.84,254
50,tag,17.84,18.32,254
50,with,18.51,18.73,254
50,beach,18.73,19.02,254
50,balls,19.02,19.36,254
50,for,19.36,19.55,254
50,hours,19.55,20.11,254
50,the,21.81,21.88,255
50,tooth,21.88,22.15,255
50,fairy,22.15,22.47,255
50,forgot,22.47,22.98,255
50,to,22.98,23.09,255
50,come,23.09,23.58,255
50,when,23.61,23.86,255
50,roger's,23.86,24.23,255
50,tooth,24.23,24.53,255
50,fell,24.53,24.75,255
50,out,24.75,24.98,255
51,planned,0.77,1.1,256
51,parenthood,1.1,1.59,256
51,organizations,1.59,2.47,256
51,promote,2.47,2.91,256
51,birth,2.91,3.18,256
51,control,3.18,3.68,256
51,rich,6.35,6.68,257
51,purchased,6.68,7.18,257
51,several,7.18,7.61,257
51,signed,7.61,8.05,257
51,lithographs,8.05,8.9,257
51,in,10.84,10.96,258
51,every,10.96,11.23,258
51,major,11.23,11.6,258
51,cloverleaf,11.6,12.24,258
51,traffic,12.24,12.69,258
51,sometimes,12.69,13.21,258
51,gets,13.21,13.44,258
51,backed,13.44,13.81,258
51,up,13.81,14.11,258
51,in,16.97,17.07,259
51,the,17.07,17.14,259
51,long,17.14,17.43,259
51,run,17.43,17.68,259
51,it,17.68,17.82,259
51,pays,17.82,18.17,259
51,to,18.17,18.27,259
51,buy,18.27,18.48,259
51,quality,18.48,18.94,259
51,clothing,18.94,19.55,259
51,brush,21.89,22.11,260
51,fires,22.11,22.56,260
51,are,22.56,22.63,260
51,common,22.63,23.09,260
51,in,23.09,23.26,260
51,the,23.26,23.33,260
51,dry,23.33,23.68,260
51,underbrush,23.68,24.28,260
51,of,24.28,24.4,260
51,nevada,24.4,24.93,260
52,weatherproof,1.19,1.8,261
52,galoshes,1.8,2.46,261
52,are,2.46,2.57,261
52,very,2.57,2.91,261
52,useful,2.91,3.36,261
52,in,3.36,3.46,261
52,seattle,3.46,4.06,261
52,this,6.15,6.32,262
52,brochure,6.32,6.87,262
52,is,6.87,6.95,262
52,particularly,6.95,7.62,262
52,informative,7.62,8.27,262
52,for,8.27,8.5,262
52,a,8.5,8.55,262
52,prospective,8.55,9.23,262
52,buyer,9.23,9.67,262
52,the,12.23,12.36,263
52,avalanche,12.36,12.94,263
52,triggered,12.94,13.43,263
52,a,13.43,13.5,263
52,minor,13.5,13.96,263
52,earthquake,13.96,14.53,263
52,these,17.09,17.36,264
52,exclusive,17.36,17.91,264
52,documents,17.91,18.56,264
52,must,18.56,18.86,264
52,be,18.86,19.0,264
52,locked,19.0,19.33,264
52,up,19.33,19.5,264
52,at,19.5,19.62,264
52,all,19.62,19.83,264
52,times,19.83,20.47,264
52,please,23.05,23.3,265
52,take,23.3,23.63,265
52,this,23.63,23.83,265
52,dirty,23.83,24.16,265
52,tablecloth,24.16,24.95,265
52,to,24.95,25.04,265
52,the,25.04,25.12,265
52,cleaners,25.12,25.57,265
52,for,25.57,25.8,265
52,me,25.8,26.01,265
53,should,1.41,1.67,266
53,giraffes,1.67,2.21,266
53,be,2.21,2.36,266
53,kept,2.36,2.69,266
53,in,2.69,2.79,266
53,small,2.79,3.16,266
53,zoos,3.16,3.67,266
53,if,5.64,5.79,267
53,carol,5.79,6.1,267
53,comes,6.1,6.44,267
53,tomorrow,6.44,6.88,267
53,have,6.88,7.21,267
53,her,7.21,7.29,267
53,arrange,7.29,7.74,267
53,for,7.74,7.96,267
53,a,7.96,8.0,267
53,meeting,8.0,8.39,267
53,at,8.39,8.54,267
53,two,8.54,8.88,267
53,the,11.74,11.8,268
53,two,11.8,12.06,268
53,artists,12.06,12.51,268
53,exchanged,12.51,13.11,268
53,autographs,13.11,13.98,268
53,i'd,15.81,16.0,269
53,rather,16.0,16.26,269
53,not,16.26,16.53,269
53,buy,16.53,16.73,269
53,those,16.73,16.95,269
53,shoes,16.95,17.39,269
53,than,17.39,17.55,269
53,be,17.55,17.71,269
53,overcharged,17.71,18.64,269
53,shaving,21.06,21.47,270
53,cream,21.47,21.84,270
53,is,21.84,21.99,270
53,a,21.99,22.03,270
53,popular,22.03,22.76,270
53,item,22.93,23.35,270
53,on,23.38,23.62,270
53,halloween,23.62,24.21,270
54,amoebas,0.5,0.97,271
54,change,1.0,1.34,271
54,shape,1.34,1.71,271
54,constantly,1.71,2.45,271
54,tofu,4.46,4.89,272
54,is,4.89,5.02,272
54,made,5.02,5.29,272
54,from,5.29,5.48,272
54,processed,5.48,6.06,272
54,soybeans,6.06,6.75,272
54,the,8.54,8.59,273
54,bluejay,8.59,9.13,273
54,flew,9.13,9.48,273
54,over,9.48,9.75,273
54,the,9.75,9.95,273
54,high,9.95,10.1,273
54,building,10.1,10.7,273
54,cheap,12.66,12.9,274
54,stockings,12.9,13.59,274
54,run,13.59,13.89,274
54,the,13.89,13.94,274
54,first,13.94,14.27,274
54,time,14.27,14.53,274
54,they're,14.53,14.61,274
54,worn,14.61,15.02,274
54,cottage,17.72,18.15,275
54,cheese,18.15,18.64,275
54,with,18.64,18.81,275
54,chives,18.81,19.3,275
54,is,19.3,19.43,275
54,delicious,19.43,20.13,275
55,a,0.68,0.73,276
55,chosen,0.73,1.2,276
55,few,1.2,1.49,276
55,will,1.49,1.65,276
55,become,1.65,2.0,276
55,generals,2.0,2.7,276
55,the,4.44,4.51,277
55,meeting,4.51,5.08,277
55,is,5.11,5.25,277
55,now,5.25,5.53,277
55,adjourned,5.53,6.14,277
55,shipbuilding,7.76,8.49,278
55,is,8.49,8.61,278
55,a,8.61,8.66,278
55,fascinating,8.66,9.37,278
55,process,9.37,10.1,278
55,the,12.45,12.5,279
55,proof,12.5,12.89,279
55,that,12.89,13.0,279
55,you,13.0,13.13,279
55,are,13.13,13.19,279
55,seeking,13.19,13.66,279
55,is,13.66,13.81,279
55,not,13.81,14.01,279
55,available,14.01,14.54,279
55,in,14.54,14.67,279
55,books,14.67,15.15,279
55,the,18.33,18.47,280
55,hood,18.47,18.64,280
55,of,18.64,18.75,280
55,the,18.75,18.81,280
55,jeep,18.81,19.12,280
55,was,19.15,19.41,280
55,steaming,19.41,19.96,280
55,in,19.96,20.07,280
55,the,20.07,20.2,280
55,hot,20.2,20.37,280
55,sun,20.37,20.79,280
56,my,0.8,0.97,281
56,desires,0.97,1.54,281
56,are,1.54,1.63,281
56,simple,1.63,2.14,281
56,give,2.17,2.35,281
56,me,2.35,2.51,281
56,one,2.51,2.77,281
56,informative,2.77,3.46,281
56,paragraph,3.46,4.04,281
56,on,4.04,4.16,281
56,the,4.16,4.22,281
56,subject,4.22,4.86,281
56,those,7.75,8.03,282
56,answers,8.03,8.53,282
56,will,8.53,8.68,282
56,be,8.68,8.82,282
56,straightforward,8.82,9.67,282
56,if,9.67,9.8,282
56,you,9.8,9.88,282
56,think,9.88,10.17,282
56,them,10.17,10.3,282
56,through,10.3,10.51,282
56,carefully,10.51,10.99,282
56,first,10.99,11.56,282
56,drop,15.56,15.91,283
56,five,15.91,16.23,283
56,forms,16.23,16.71,283
56,in,16.71,16.81,283
56,the,16.81,16.86,283
56,box,16.86,17.26,283
56,before,17.26,17.58,283
56,you,17.58,17.72,283
56,go,17.72,17.9,283
56,out,17.9,18.2,283
56,if,20.21,20.42,284
56,people,20.42,20.84,284
56,were,20.84,21.02,284
56,more,21.02,21.46,284
56,generous,21.49,22.18,284
56,there,22.3,22.39,284
56,would,22.39,22.55,284
56,be,22.55,22.67,284
56,no,22.67,22.85,284
56,need,22.85,23.16,284
56,for,23.16,23.29,284
56,welfare,23.29,23.9,284
56,bob,26.59,26.91,285
56,found,26.91,27.33,285
56,more,27.33,27.6,285
56,clams,27.6,28.14,285
56,and,28.14,28.44,285
56,at,28.47,28.68,285
56,the,28.68,28.81,285
56,ocean's,28.81,29.2,285
56,edge,29.2,29.68,285
57,that,1.5,1.81,286
57,dog,1.81,2.13,286
57,chases,2.13,2.54,286
57,cats,2.54,2.93,286
57,mercilessly,2.93,3.74,286
57,the,4.98,5.03,287
57,cranberry,5.03,5.59,287
57,bog,5.59,6.01,287
57,gets,6.01,6.21,287
57,very,6.21,6.48,287
57,pretty,6.48,6.87,287
57,in,6.87,6.99,287
57,autumn,6.99,7.43,287
57,a,9.66,9.71,288
57,big,9.71,10.0,288
57,goat,10.0,10.29,288
57,idly,10.32,10.74,288
57,ambled,10.74,11.19,288
57,through,11.19,11.38,288
57,the,11.38,11.47,288
57,farmyard,11.47,12.14,288
57,the,14.18,14.28,289
57,nearest,14.28,14.69,289
57,synagogue,14.69,15.22,289
57,may,15.22,15.51,289
57,not,15.51,15.86,289
57,be,15.86,16.04,289
57,within,16.04,16.41,289
57,walking,16.41,16.82,289
57,distance,16.82,17.43,289
57,the,19.92,19.98,290
57,groundhog,19.98,20.64,290
57,clearly,20.64,21.02,290
57,saw,21.02,21.34,290
57,his,21.34,21.48,290
57,shadow,21.48,21.94,290
57,but,21.94,22.14,290
57,stayed,22.14,22.54,290
57,out,22.54,22.8,290
57,only,22.8,23.1,290
57,a,23.1,23.16,290
57,moment,23.16,23.59,290
58,a,1.03,1.07,291
58,leather,1.07,1.42,291
58,handbag,1.42,2.06,291
58,would,2.1,2.31,291
58,be,2.31,2.46,291
58,a,2.46,2.56,291
58,suitable,2.56,3.02,291
58,gift,3.02,3.59,291
58,the,5.49,5.54,292
58,fog,5.54,5.89,292
58,prevented,5.89,6.37,292
58,them,6.37,6.56,292
58,from,6.56,6.78,292
58,arriving,6.78,7.24,292
58,on,7.24,7.4,292
58,time,7.4,7.82,292
58,the,10.65,10.8,293
58,the,10.92,11.02,293
58,local,11.02,11.33,293
58,drugstore,11.33,11.89,293
58,was,11.89,12.08,293
58,charged,12.08,12.55,293
58,with,12.55,12.71,293
58,illegally,12.71,13.18,293
58,dispensing,13.18,13.77,293
58,tranquilizers,13.77,14.73,293
58,the,17.16,17.21,294
58,full,17.21,17.47,294
58,moon,17.47,17.76,294
58,shone,17.76,18.17,294
58,brightly,18.17,18.57,294
58,that,18.57,18.8,294
58,night,18.8,19.12,294
58,steve,21.48,21.88,295
58,collects,21.88,22.35,295
58,rare,22.35,22.63,295
58,and,22.63,22.79,295
58,novel,22.79,23.13,295
58,coins,23.13,23.78,295
59,al,0.71,1.0,296
59,received,1.0,1.47,296
59,a,1.47,1.51,296
59,joint,1.51,1.84,296
59,appointment,1.84,2.35,296
59,in,2.35,2.47,296
59,the,2.47,2.53,296
59,biology,2.53,3.23,296
59,and,3.23,3.36,296
59,the,3.36,3.41,296
59,engineering,3.41,3.95,296
59,departments,3.95,4.7,296
59,gregory,7.86,8.26,297
59,and,8.26,8.43,297
59,tom,8.43,8.95,297
59,chose,9.09,9.48,297
59,to,9.48,9.66,297
59,watch,9.66,10.01,297
59,cartoons,10.01,10.66,297
59,in,10.66,10.77,297
59,the,10.77,10.86,297
59,afternoon,10.86,11.5,297
59,chip,13.91,14.2,298
59,postponed,14.2,14.75,298
59,alimony,14.75,15.25,298
59,payments,15.25,15.78,298
59,until,15.78,16.08,298
59,the,16.08,16.14,298
59,latest,16.14,16.62,298
59,possible,16.62,17.1,298
59,date,17.1,17.49,298
59,count,20.18,20.46,299
59,the,20.46,20.51,299
59,number,20.51,20.84,299
59,of,20.84,21.0,299
59,teaspoons,21.0,21.56,299
59,of,21.56,21.64,299
59,soysauce,21.64,22.29,299
59,that,22.29,22.48,299
59,you,22.48,22.58,299
59,add,22.58,22.88,299
59,the,25.65,25.71,300
59,big,25.71,26.01,300
59,dog,26.01,26.33,300
59,loved,26.33,26.6,300
59,to,26.6,26.69,300
59,chew,26.69,27.05,300
59,on,27.05,27.25,300
59,the,27.25,27.37,300
59,old,27.37,27.68,300
59,rag,27.68,27.97,300
59,doll,27.97,28.31,300
60,todd,1.55,1.86,301
60,placed,1.86,2.22,301
60,top,2.22,2.49,301
60,priority,2.49,3.08,301
60,on,3.08,3.23,301
60,getting,3.23,3.5,301
60,his,3.5,3.64,301
60,bike,3.64,3.94,301
60,fixed,3.94,4.53,301
60,an,6.92,7.06,302
60,old,7.09,7.51,302
60,ud,7.68,7.82,302
60,an,8.02,8.18,302
60,adult,8.18,8.72,302
60,male,8.72,8.99,302
60,baboon's,8.99,9.52,302
60,teeth,9.52,9.88,302
60,are,9.88,9.96,302
60,not,9.96,10.24,302
60,suitable,10.24,10.7,302
60,for,10.7,10.86,302
60,eating,10.86,11.18,302
60,shellfish,11.18,11.92,302
60,often,13.71,14.1,303
60,you'll,14.1,14.23,303
60,get,14.23,14.49,303
60,back,14.49,14.78,303
60,more,14.78,14.97,303
60,than,14.97,15.13,303
60,you,15.13,15.23,303
60,put,15.23,15.45,303
60,in,15.45,15.8,303
60,gus,18.1,18.31,304
60,saw,18.31,18.55,304
60,pine,18.55,18.89,304
60,trees,18.89,19.35,304
60,and,19.35,19.58,304
60,redwoods,19.58,20.28,304
60,in,20.31,20.44,304
60,his,20.44,20.63,304
60,walk,20.63,20.91,304
60,through,20.91,21.08,304
60,sequoia,21.08,21.61,304
60,national,21.61,22.09,304
60,forest,22.09,22.79,304
60,bob,25.36,25.69,305
60,bandaged,25.69,26.25,305
60,both,26.25,26.55,305
60,wounds,26.55,27.02,305
60,with,27.02,27.22,305
60,the,27.22,27.27,305
60,skill,27.27,27.63,305
60,of,27.63,27.74,305
60,a,27.74,27.78,305
60,doctor,27.78,28.35,305
61,the,1.11,1.17,306
61,dark,1.17,1.56,306
61,murky,1.56,1.9,306
61,lagoon,1.9,2.49,306
61,wound,2.49,2.86,306
61,around,2.86,3.23,306
61,for,3.23,3.38,306
61,miles,3.38,4.05,306
61,did,5.36,5.54,307
61,shawn,5.54,5.89,307
61,catch,5.89,6.25,307
61,that,6.25,6.48,307
61,big,6.48,6.71,307
61,goose,6.71,7.05,307
61,without,7.05,7.41,307
61,help,7.41,7.68,307
61,ducks,10.09,10.4,308
61,have,10.4,10.62,308
61,webbed,10.62,10.87,308
61,feet,10.87,11.3,308
61,with,11.3,11.52,308
61,colorful,11.52,11.95,308
61,feathers,11.95,12.61,308
61,the,14.84,14.97,309
61,high,14.97,15.1,309
61,security,15.1,15.63,309
61,prison,15.63,16.1,309
61,was,16.1,16.22,309
61,surrounded,16.22,16.76,309
61,by,16.76,16.9,309
61,barbed,16.9,17.25,309
61,wire,17.25,17.73,309
61,take,20.36,20.63,310
61,charge,20.63,20.99,310
61,of,20.99,21.11,310
61,choosing,21.11,21.6,310
61,her,21.6,21.68,310
61,bridesmaids,21.68,22.48,310
61,gowns,22.48,22.95,310
62,the,1.27,1.33,311
62,frightened,1.33,1.73,311
62,child,1.73,2.18,311
62,was,2.18,2.29,311
62,gently,2.29,2.65,311
62,subdued,2.65,3.19,311
62,by,3.19,3.33,311
62,his,3.33,3.48,311
62,big,3.48,3.76,311
62,brother,3.76,4.14,311
62,i,7.58,7.68,312
62,know,7.68,7.9,312
62,i,7.9,7.97,312
62,didn't,7.97,8.3,312
62,meet,8.3,8.5,312
62,her,8.5,8.61,312
62,early,8.61,8.95,312
62,enough,8.95,9.45,312
62,the,11.37,11.43,313
62,barracuda,11.43,12.01,313
62,recoiled,12.01,12.65,313
62,from,12.65,12.85,313
62,the,12.85,12.9,313
62,serpent's,12.9,13.4,313
62,poisonous,13.4,14.03,313
62,fangs,14.03,14.6,313
62,the,17.13,17.19,314
62,patient,17.19,17.65,314
62,and,17.65,17.78,314
62,the,17.78,17.84,314
62,surgeon,17.84,18.35,314
62,are,18.35,18.45,314
62,both,18.45,18.78,314
62,recuperating,18.78,19.53,314
62,from,19.53,19.77,314
62,the,19.77,19.84,314
62,lengthy,19.84,20.25,314
62,operation,20.25,20.99,314
62,i'll,24.56,24.74,315
62,have,24.74,24.89,315
62,a,24.89,24.94,315
62,scoop,24.94,25.27,315
62,of,25.27,25.38,315
62,that,25.38,25.56,315
62,exotic,25.56,26.13,315
62,purple,26.13,26.52,315
62,and,26.52,26.67,315
62,turquoise,26.67,27.38,315
62,sherbet,27.48,28.04,315
63,the,0.87,0.93,316
63,preschooler,0.93,1.64,316
63,couldn't,1.64,2.01,316
63,verbalize,2.01,2.58,316
63,her,2.58,2.71,316
63,feelings,2.71,3.16,316
63,about,3.16,3.47,316
63,the,3.47,3.56,316
63,emergency,3.56,4.16,316
63,conditions,4.16,4.95,316
63,many,8.38,8.65,317
63,wealthy,8.65,9.02,317
63,tycoons,9.02,9.64,317
63,splurged,9.64,10.31,317
63,and,10.31,10.46,317
63,bought,10.46,10.75,317
63,both,10.75,11.01,317
63,a,11.01,11.05,317
63,yacht,11.05,11.41,317
63,and,11.46,11.72,317
63,a,11.72,11.75,317
63,schooner,11.75,12.32,317
63,the,15.7,15.79,318
63,new,15.79,16.05,318
63,suburbanites,16.05,16.86,318
63,worked,16.86,17.22,318
63,hard,17.22,17.53,318
63,on,17.53,17.69,318
63,refurbishing,17.69,18.4,318
63,their,18.4,18.57,318
63,older,18.57,18.88,318
63,home,18.88,19.28,318
63,according,21.44,21.95,319
63,to,21.95,22.08,319
63,my,22.08,22.27,319
63,interpretation,22.27,23.02,319
63,of,23.02,23.14,319
63,the,23.14,23.19,319
63,problem,23.19,23.78,319
63,two,23.88,24.09,319
63,lines,24.09,24.48,319
63,must,24.48,24.72,319
63,be,24.72,24.84,319
63,perpendicular,24.84,25.7,319
63,the,29.33,29.39,320
63,connoisseur,29.39,29.92,320
63,will,29.92,30.35,320
63,enjoy,30.35,30.77,320
63,this,30.77,30.95,320
63,shellfish,30.95,31.52,320
63,dish,31.52,31.96,320
64,a,1.07,1.13,321
64,lawyer,1.13,1.59,321
64,was,1.59,1.94,321
64,appointed,1.94,2.52,321
64,to,2.52,2.64,321
64,execute,2.64,3.23,321
64,her,3.23,3.32,321
64,will,3.32,3.69,321
64,dolphins,5.63,6.17,322
64,are,6.17,6.3,322
64,intelligent,6.3,6.91,322
64,marine,6.91,7.31,322
64,mammals,7.31,7.89,322
64,diane,9.89,10.33,323
64,may,10.33,10.48,323
64,splurge,10.48,10.99,323
64,and,10.99,11.15,323
64,buy,11.15,11.33,323
64,a,11.33,11.4,323
64,turquoise,11.4,11.94,323
64,necklace,11.94,12.52,323
64,the,14.8,14.87,324
64,moisture,14.87,15.35,324
64,in,15.35,15.45,324
64,my,15.45,15.66,324
64,eyes,15.66,16.0,324
64,is,16.0,16.12,324
64,from,16.12,16.3,324
64,eyedrops,16.3,16.96,324
64,not,16.99,17.17,324
64,from,17.17,17.38,324
64,tears,17.38,17.99,324
64,george,20.59,20.99,325
64,seldom,20.99,21.48,325
64,watches,21.48,21.93,325
64,daytime,21.93,22.47,325
64,movies,22.47,23.02,325
65,the,1.22,1.28,326
65,system,1.28,1.71,326
65,may,1.71,1.85,326
65,break,1.85,2.18,326
65,down,2.18,2.55,326
65,soon,2.55,2.96,326
65,so,2.96,3.13,326
65,save,3.13,3.44,326
65,your,3.44,3.54,326
65,files,3.54,3.96,326
65,frequently,3.96,4.63,326
65,i,7.2,7.34,327
65,assume,7.34,7.77,327
65,moisture,7.77,8.27,327
65,will,8.27,8.41,327
65,damage,8.41,8.96,327
65,this,8.96,9.09,327
65,ship's,9.09,9.44,327
65,hull,9.44,9.75,327
65,the,12.3,12.41,328
65,annoying,12.41,12.91,328
65,raccoons,12.91,13.51,328
65,slipped,13.51,13.93,328
65,into,13.93,14.11,328
65,phil's,14.11,14.47,328
65,garden,14.47,14.9,328
65,every,14.9,15.15,328
65,night,15.15,15.43,328
65,the,18.17,18.23,329
65,cow,18.23,18.58,329
65,wandered,18.58,19.1,329
65,from,19.1,19.34,329
65,the,19.34,19.39,329
65,farmland,19.39,20.07,329
65,and,20.07,20.19,329
65,became,20.19,20.62,329
65,lost,20.62,21.17,329
65,each,23.63,23.86,330
65,untimely,23.86,24.51,330
65,income,24.51,24.95,330
65,loss,24.95,25.23,330
65,coincided,25.23,25.94,330
65,with,25.94,26.13,330
65,the,26.13,26.19,330
65,breakdown,26.19,26.81,330
65,of,26.81,26.94,330
65,a,26.94,26.98,330
65,heating,26.98,27.36,330
65,system,27.36,27.79,330
65,part,27.79,28.1,330
66,the,1.52,1.6,331
66,gunman,1.6,2.04,331
66,kept,2.04,2.37,331
66,his,2.37,2.51,331
66,victim,2.51,2.88,331
66,cornered,2.88,3.32,331
66,at,3.32,3.43,331
66,gunpoint,3.43,3.93,331
66,for,3.93,4.09,331
66,three,4.09,4.4,331
66,hours,4.4,4.97,331
66,will,7.69,7.78,332
66,you,7.78,7.87,332
66,please,7.87,8.21,332
66,confirm,8.21,8.87,332
66,government,8.87,9.38,332
66,policy,9.38,9.84,332
66,regarding,9.84,10.43,332
66,waste,10.43,10.78,332
66,removal,10.78,11.25,332
66,the,14.55,14.61,333
66,surplus,14.61,15.3,333
66,shoes,15.3,15.91,333
66,were,15.94,16.1,333
66,sold,16.1,16.53,333
66,at,16.53,16.65,333
66,a,16.65,16.72,333
66,discount,16.72,17.25,333
66,price,17.25,17.76,333
66,lori's,19.45,19.86,334
66,costume,19.86,20.43,334
66,needed,20.43,20.81,334
66,black,20.81,21.07,334
66,gloves,21.07,21.44,334
66,to,21.44,21.54,334
66,be,21.54,21.67,334
66,completely,21.67,22.22,334
66,elegant,22.22,22.77,334
66,bob,25.27,25.61,335
66,papered,25.61,26.02,335
66,over,26.02,26.31,335
66,the,26.31,26.44,335
66,living,26.44,26.78,335
66,room,26.78,27.02,335
66,murals,27.02,27.57,335
67,that,0.62,0.78,336
67,noise,0.78,1.11,336
67,problem,1.11,1.59,336
67,goes,1.59,1.91,336
67,grows,2.03,2.42,336
67,more,2.42,2.67,336
67,annoying,2.67,3.13,336
67,each,3.13,3.4,336
67,day,3.4,3.79,336
67,right,5.81,6.04,337
67,now,6.04,6.27,337
67,may,6.27,6.48,337
67,not,6.48,6.72,337
67,be,6.72,6.83,337
67,the,6.83,6.95,337
67,best,6.95,7.25,337
67,time,7.25,7.5,337
67,for,7.5,7.63,337
67,business,7.63,8.1,337
67,mergers,8.1,8.7,337
67,that,10.99,11.17,338
67,diagram,11.17,11.75,338
67,makes,11.75,11.98,338
67,sense,11.98,12.3,338
67,only,12.3,12.63,338
67,after,12.63,12.88,338
67,much,12.88,13.13,338
67,study,13.13,13.66,338
67,a,16.02,16.08,339
67,boring,16.08,16.5,339
67,novel,16.5,16.9,339
67,is,16.9,17.09,339
67,a,17.09,17.14,339
67,superb,17.14,17.65,339
67,sleeping,17.65,18.13,339
67,pill,18.13,18.51,339
67,john,20.76,21.07,340
67,cleans,21.07,21.41,340
67,shellfish,21.41,21.97,340
67,for,21.97,22.19,340
67,a,22.19,22.26,340
67,living,22.26,22.67,340
68,women,1.36,1.71,341
68,may,1.71,1.9,341
68,never,1.9,2.35,341
68,become,2.35,2.85,341
68,completely,2.85,3.45,341
68,equal,3.45,3.8,341
68,to,3.8,3.94,341
68,men,3.94,4.32,341
68,she,6.14,6.36,342
68,always,6.36,6.66,342
68,jokes,6.66,7.01,342
68,about,7.01,7.37,342
68,too,7.37,7.53,342
68,much,7.53,7.81,342
68,garlic,7.81,8.27,342
68,in,8.27,8.37,342
68,his,8.37,8.55,342
68,food,8.55,8.9,342
68,i,11.38,11.47,343
68,just,11.47,11.71,343
68,saw,11.71,11.95,343
68,jim,11.95,12.32,343
68,near,12.32,12.5,343
68,the,12.5,12.66,343
68,archeological,12.66,13.45,343
68,museum,13.45,14.09,343
68,pam,16.4,16.74,344
68,gives,16.74,17.05,344
68,driving,17.05,17.47,344
68,lessons,17.47,17.87,344
68,on,17.87,18.02,344
68,thursdays,18.02,18.76,344
68,why,18.79,20.97,345
68,charge,20.97,21.37,345
68,money,21.37,21.65,345
68,for,21.65,21.81,345
68,such,21.81,22.1,345
68,garbage,22.1,22.68,345
69,we,0.84,0.98,346
69,welcome,0.98,1.41,346
69,many,1.41,1.63,346
69,new,1.63,1.83,346
69,students,1.83,2.39,346
69,each,2.39,2.62,346
69,year,2.62,2.93,346
69,george,4.85,5.17,347
69,is,5.17,5.26,347
69,paranoid,5.26,5.85,347
69,about,5.85,6.22,347
69,a,6.25,6.32,347
69,future,6.32,6.75,347
69,gas,6.75,7.09,347
69,shortage,7.09,7.72,347
69,the,9.81,9.87,348
69,carpet,9.87,10.27,348
69,cleaners,10.27,10.65,348
69,shampooed,10.65,11.3,348
69,our,11.3,11.47,348
69,oriental,11.47,12.1,348
69,rug,12.1,12.41,348
69,please,15.22,15.46,349
69,shorten,15.46,15.94,349
69,this,15.94,16.07,349
69,skirt,16.07,16.47,349
69,for,16.47,16.63,349
69,joyce,16.63,17.2,349
69,his,19.18,19.34,350
69,shoulder,19.34,19.79,350
69,felt,19.79,20.19,350
69,as,20.19,20.33,350
69,if,20.33,20.45,350
69,it,20.45,20.54,350
69,were,20.54,20.66,350
69,broken,20.66,21.22,350
70,which,0.56,1.17,351
70,church,1.17,1.68,351
70,do,1.68,1.84,351
70,the,1.84,1.95,351
70,smiths,1.95,2.43,351
70,worship,2.43,2.91,351
70,in,2.91,3.17,351
70,the,5.58,5.64,352
70,giant,5.64,6.04,352
70,redwoods,6.04,6.55,352
70,shimmered,6.55,6.97,352
70,in,6.97,7.11,352
70,the,7.11,7.17,352
70,glistening,7.17,7.67,352
70,sun,7.67,8.15,352
70,her,10.17,10.24,353
70,right,10.24,10.61,353
70,hand,10.61,10.86,353
70,aches,10.89,11.2,353
70,whenever,11.2,11.53,353
70,the,11.53,11.64,353
70,barometric,11.64,12.32,353
70,pressure,12.32,12.63,353
70,changes,12.63,13.26,353
70,they,16.64,16.8,354
70,own,16.8,16.94,354
70,a,16.94,16.99,354
70,big,16.99,17.25,354
70,house,17.25,17.65,354
70,in,17.65,17.77,354
70,the,17.77,17.83,354
70,remote,17.83,18.23,354
70,countryside,18.23,18.98,354
70,he,21.49,21.62,355
70,picked,21.62,21.91,355
70,up,21.91,22.06,355
70,nine,22.06,22.36,355
70,pairs,22.36,22.71,355
70,of,22.71,22.83,355
70,socks,22.83,23.25,355
70,for,23.25,23.42,355
70,each,23.42,23.7,355
70,brother,23.7,24.09,355
71,they,1.72,1.86,356
71,all,1.86,2.11,356
71,like,2.11,2.38,356
71,long,2.38,2.7,356
71,hot,2.7,2.97,356
71,showers,2.97,3.68,356
71,a,4.77,4.81,357
71,young,4.81,5.18,357
71,mouse,5.18,5.47,357
71,scampered,5.47,5.97,357
71,across,5.97,6.39,357
71,the,6.39,6.45,357
71,field,6.45,6.81,357
71,and,6.81,6.97,357
71,disappeared,6.97,7.62,357
71,she,10.64,10.84,358
71,uses,10.84,11.21,358
71,both,11.21,11.52,358
71,names,11.52,11.9,358
71,interchangeably,11.9,12.83,358
71,calcium,14.5,15.07,359
71,makes,15.07,15.32,359
71,bones,15.32,15.7,359
71,and,15.7,15.87,359
71,teeth,15.87,16.13,359
71,strong,16.13,16.66,359
71,the,18.54,18.61,360
71,fish,18.61,18.97,360
71,began,18.97,19.27,360
71,to,19.27,19.44,360
71,leap,19.44,19.71,360
71,frantically,19.71,20.52,360
71,on,20.52,20.7,360
71,the,20.7,20.76,360
71,surface,20.76,21.23,360
71,of,21.23,21.34,360
71,the,21.34,21.4,360
71,small,21.4,21.79,360
71,lake,21.79,22.22,360
72,tim,0.92,1.19,361
72,takes,1.19,1.49,361
72,sheila,1.49,1.9,361
72,to,1.9,2.04,361
72,see,2.04,2.25,361
72,movies,2.25,2.73,361
72,twice,2.73,3.08,361
72,a,3.08,3.13,361
72,week,3.13,3.49,361
72,they,5.13,5.31,362
72,assume,5.31,5.75,362
72,no,5.75,5.93,362
72,burglar,5.93,6.44,362
72,will,6.44,6.64,362
72,ever,6.64,6.89,362
72,enter,6.89,7.19,362
72,here,7.19,7.53,362
72,just,10.13,10.43,363
72,drop,10.43,10.77,363
72,notices,10.77,11.39,363
72,in,11.39,11.52,363
72,any,11.52,11.76,363
72,suggestion,11.76,12.44,363
72,box,12.44,12.94,363
72,taxicab,14.79,15.48,364
72,broke,15.48,15.73,364
72,down,15.73,16.05,364
72,and,16.05,16.18,364
72,caused,16.18,16.52,364
72,a,16.52,16.57,364
72,traffic,16.57,17.0,364
72,jam,17.0,17.45,364
72,we'll,19.39,19.55,365
72,serve,19.55,19.94,365
72,rhubarb,19.94,20.4,365
72,pie,20.4,20.74,365
72,after,20.74,21.04,365
72,rachel's,21.04,21.5,365
72,talk,21.5,21.91,365
73,her,0.0,0.94,366
73,wardrobe,0.94,1.55,366
73,consists,1.55,2.07,366
73,of,2.07,2.21,366
73,only,2.24,2.56,366
73,skirts,2.56,3.02,366
73,and,3.02,3.16,366
73,blouses,3.16,3.84,366
73,barb,5.86,6.2,367
73,burned,6.2,6.49,367
73,paper,6.49,6.9,367
73,and,6.9,7.1,367
73,leaves,7.1,7.53,367
73,in,7.53,7.65,367
73,a,7.65,7.69,367
73,big,7.69,8.01,367
73,bonfire,8.01,8.74,367
73,of,10.83,10.98,368
73,course,10.98,11.31,368
73,you,11.31,11.37,368
73,can,11.37,11.58,368
73,have,11.58,11.74,368
73,another,11.74,12.05,368
73,tunafish,12.08,12.64,368
73,sandwich,12.64,13.27,368
73,there,15.97,16.1,369
73,was,16.1,16.29,369
73,a,16.29,16.35,369
73,gigantic,16.35,17.07,369
73,wasp,17.07,17.59,369
73,next,17.59,17.92,369
73,to,17.92,18.01,369
73,irving's,18.01,18.53,369
73,big,18.53,18.79,369
73,top,18.79,19.07,369
73,hat,19.07,19.39,369
73,laugh,21.65,22.08,370
73,dance,22.12,22.52,370
73,and,22.52,22.64,370
73,sing,22.64,22.98,370
73,if,22.98,23.09,370
73,fortune,23.09,23.59,370
73,smiles,23.59,24.07,370
73,upon,24.07,24.41,370
73,you,24.41,24.68,370
74,i'd,0.69,0.88,371
74,ride,0.88,1.18,371
74,the,1.18,1.24,371
74,subway,1.24,1.72,371
74,but,1.72,1.88,371
74,i,1.88,1.98,371
74,haven't,1.98,2.5,371
74,enough,2.5,2.8,371
74,change,2.8,3.46,371
74,eating,5.44,5.73,372
74,spinach,5.73,6.27,372
74,nightly,6.27,6.69,372
74,increases,6.69,7.3,372
74,strength,7.3,7.78,372
74,miraculously,7.78,8.72,372
74,butterscotch,11.17,11.8,373
74,fudge,11.8,12.22,373
74,goes,12.22,12.51,373
74,well,12.51,12.8,373
74,with,12.8,13.0,373
74,vanilla,13.0,13.38,373
74,ice,13.38,13.6,373
74,cream,13.6,13.99,373
74,daphne's,16.5,17.03,374
74,swedish,17.03,17.55,374
74,needlepoint,17.55,18.16,374
74,scarf,18.16,18.66,374
74,matched,18.66,19.06,374
74,her,19.06,19.13,374
74,skirt,19.13,19.59,374
74,irish,22.04,22.46,375
74,youngsters,22.46,23.04,375
74,eat,23.04,23.25,375
74,fresh,23.25,23.61,375
74,kippers,23.61,24.02,375
74,for,24.02,24.16,375
74,breakfast,24.16,24.88,375
75,move,1.2,1.54,376
75,the,1.54,1.61,376
75,garbage,1.61,2.24,376
75,nearer,2.24,2.61,376
75,the,2.61,2.75,376
75,large,2.75,3.12,376
75,window,3.12,3.63,376
75,a,6.25,6.29,377
75,huge,6.29,6.73,377
75,power,6.73,7.08,377
75,outage,7.08,7.5,377
75,rarely,7.5,7.89,377
75,occurs,7.89,8.55,377
75,valley,10.05,10.4,378
75,lodge,10.4,10.8,378
75,yearly,10.8,11.14,378
75,celebrates,11.14,11.82,378
75,the,11.82,11.87,378
75,first,11.87,12.21,378
75,calf,12.21,12.61,378
75,born,12.61,13.02,378
75,iris,15.06,15.52,379
75,thinks,15.52,15.91,379
75,this,15.94,16.18,379
75,zoo,16.18,16.53,379
75,has,16.53,16.83,379
75,eleven,16.83,17.35,379
75,spanish,17.35,17.9,379
75,zebras,17.9,18.57,379
75,those,20.39,20.65,380
75,who,20.65,20.74,380
75,teach,20.74,21.07,380
75,values,21.07,21.58,380
75,first,21.58,21.96,380
75,abolish,21.96,22.4,380
75,cheating,22.4,22.96,380
76,once,1.17,1.44,381
76,you,1.44,1.52,381
76,finish,1.52,1.89,381
76,greasing,1.89,2.39,381
76,your,2.39,2.51,381
76,chain,2.51,3.02,381
76,be,3.02,3.13,381
76,sure,3.13,3.43,381
76,to,3.43,3.59,381
76,wash,3.59,3.96,381
76,thoroughly,3.96,4.53,381
76,smash,6.81,7.27,382
76,lightbulbs,7.27,7.82,382
76,and,7.85,7.94,382
76,their,7.94,8.04,382
76,cash,8.04,8.4,382
76,value,8.4,8.83,382
76,will,8.83,8.96,382
76,diminish,8.96,9.45,382
76,to,9.45,9.61,382
76,nothing,9.61,10.07,382
76,top,13.0,13.26,383
76,zinnias,13.26,13.86,383
76,rarely,13.86,14.26,383
76,have,14.26,14.44,383
76,crooked,14.44,14.82,383
76,stems,14.82,15.46,383
76,movies,17.45,17.87,384
76,never,17.87,18.17,384
76,have,18.17,18.34,384
76,enough,18.34,18.56,384
76,villains,18.62,19.32,384
76,every,21.09,21.37,385
76,cab,21.37,21.71,385
76,needs,21.71,21.98,385
76,repainting,21.98,22.62,385
76,often,22.62,23.13,385
77,a,0.73,0.8,386
77,crab,0.8,1.18,386
77,challenged,1.18,1.76,386
77,me,1.76,1.99,386
77,but,1.99,2.15,386
77,a,2.15,2.2,386
77,quick,2.2,2.55,386
77,stab,2.55,3.03,386
77,vanquished,3.03,3.6,386
77,him,3.6,3.87,386
77,a,6.09,6.14,387
77,toothpaste,6.14,6.81,387
77,tube,6.81,7.29,387
77,should,7.38,7.63,387
77,be,7.63,7.77,387
77,squeezed,7.77,8.31,387
77,from,8.31,8.51,387
77,the,8.51,8.56,387
77,bottom,8.56,9.01,387
77,those,11.65,12.01,388
77,who,12.01,12.07,388
77,are,12.07,12.19,388
77,not,12.19,12.46,388
77,purists,12.46,13.04,388
77,use,13.04,13.28,388
77,canned,13.28,13.68,388
77,vegetables,13.68,14.31,388
77,when,14.31,14.48,388
77,making,14.48,14.82,388
77,stew,14.82,15.29,388
77,the,18.06,18.11,389
77,fifth,18.11,18.46,389
77,jar,18.46,18.79,389
77,contains,18.79,19.35,389
77,big,19.35,19.66,389
77,juicy,19.66,20.0,389
77,peaches,20.0,20.7,389
77,the,22.54,22.66,390
77,overweight,22.66,23.2,390
77,charmer,23.2,23.71,390
77,could,23.71,23.96,390
77,slip,24.19,24.54,390
77,poison,24.54,25.1,390
77,into,25.1,25.42,390
77,anyone's,25.42,26.05,390
77,tea,26.08,26.43,390
78,each,0.92,1.2,391
78,stag,1.2,1.67,391
78,surely,1.67,2.13,391
78,finds,2.13,2.58,391
78,a,2.58,2.63,391
78,big,2.63,2.87,391
78,fawn,2.87,3.41,391
78,the,5.27,5.35,392
78,rich,5.35,5.61,392
78,should,5.61,5.85,392
78,invest,5.85,6.33,392
78,in,6.33,6.5,392
78,black,6.5,6.76,392
78,zircons,6.76,7.51,392
78,instead,7.51,7.91,392
78,of,7.91,8.0,392
78,stylish,8.0,8.5,392
78,shoes,8.5,9.06,392
78,please,11.57,11.93,393
78,sing,11.93,12.39,393
78,just,12.42,12.75,393
78,the,12.75,12.83,393
78,club,12.83,13.15,393
78,theme,13.15,13.6,393
78,they,15.15,15.24,394
78,used,15.24,15.54,394
78,an,15.54,15.65,394
78,aggressive,15.65,16.22,394
78,policeman,16.22,16.76,394
78,to,16.76,16.87,394
78,flag,16.87,17.25,394
78,thoughtless,17.25,17.73,394
78,motorists,17.73,18.54,394
78,shell,21.15,21.44,395
78,shock,21.44,21.81,395
78,caused,21.81,22.16,395
78,by,22.16,22.3,395
78,shrapnel,22.3,22.9,395
78,is,22.9,22.99,395
78,sometimes,22.99,23.61,395
78,cured,23.61,24.08,395
78,through,24.08,24.26,395
78,group,24.26,24.55,395
78,therapy,24.55,25.21,395
79,the,0.85,0.94,396
79,advertising,0.94,1.71,396
79,verse,1.71,2.06,396
79,of,2.06,2.24,396
79,plymouth,2.24,2.67,396
79,variety,2.67,3.21,396
79,store,3.21,3.58,396
79,never,3.58,3.91,396
79,changes,3.91,4.59,396
79,suburban,6.82,7.36,397
79,housewives,7.36,8.05,397
79,often,8.05,8.46,397
79,suffer,8.46,8.82,397
79,from,8.82,9.06,397
79,the,9.06,9.12,397
79,gab,9.12,9.48,397
79,habit,9.48,9.91,397
79,a,12.8,12.88,398
79,lone,12.88,13.21,398
79,star,13.21,13.58,398
79,shone,13.58,14.04,398
79,in,14.04,14.2,398
79,the,14.2,14.31,398
79,early,14.31,14.62,398
79,evening,14.62,15.02,398
79,sky,15.02,15.59,398
79,the,17.23,17.29,399
79,toddler,17.29,17.8,399
79,found,17.8,18.15,399
79,a,18.15,18.19,399
79,clamshell,18.19,18.81,399
79,near,18.81,19.01,399
79,the,19.01,19.11,399
79,camp,19.11,19.4,399
79,site,19.4,19.72,399
79,what,22.25,22.41,400
79,is,22.41,22.6,400
79,this,22.6,22.8,400
79,large,22.8,23.22,400
79,thing,23.22,23.54,400
79,by,23.54,23.68,400
79,the,23.68,23.83,400
79,ironing,23.83,24.31,400
79,board,24.31,24.67,400
80,thomas,1.28,1.73,401
80,thinks,1.73,2.12,401
80,a,2.12,2.21,401
80,larger,2.21,2.71,401
80,clamp,2.71,3.14,401
80,solves,3.14,3.59,401
80,the,3.59,3.64,401
80,problem,3.64,4.2,401
80,first,6.37,6.67,402
80,add,6.67,6.92,402
80,milk,6.92,7.35,402
80,to,7.35,7.49,402
80,the,7.49,7.59,402
80,shredded,7.59,8.05,402
80,cheese,8.05,8.66,402
80,spherical,10.43,11.04,403
80,gifts,11.04,11.44,403
80,are,11.44,11.53,403
80,difficult,11.53,12.07,403
80,to,12.07,12.19,403
80,wrap,12.19,12.5,403
80,ralph,14.68,15.02,404
80,prepares,15.02,15.53,404
80,red,15.53,15.79,404
80,snapper,15.79,16.33,404
80,with,16.33,16.54,404
80,fresh,16.54,16.88,404
80,lemon,16.88,17.19,404
80,sauce,17.19,17.54,404
80,for,17.54,17.67,404
80,dinner,17.67,18.07,404
80,roy,20.68,20.95,405
80,ignored,20.95,21.46,405
80,the,21.46,21.52,405
80,spurious,21.52,22.09,405
80,data,22.09,22.4,405
80,points,22.4,22.9,405
80,in,22.98,23.12,405
80,drawing,23.12,23.56,405
80,the,23.56,23.62,405
80,graph,23.62,24.19,405
81,the,1.73,1.79,406
81,thick,1.79,2.11,406
81,elm,2.11,2.43,406
81,forest,2.43,2.99,406
81,was,2.99,3.27,406
81,nearly,3.27,3.81,406
81,overwhelmed,3.81,4.42,406
81,by,4.42,4.55,406
81,dutch,4.55,4.89,406
81,elm,4.89,5.12,406
81,disease,5.12,5.8,406
81,in,7.93,8.05,407
81,developing,8.05,8.56,407
81,film,8.56,9.0,407
81,many,9.0,9.29,407
81,toxic,9.29,9.76,407
81,chemicals,9.76,10.29,407
81,are,10.29,10.38,407
81,used,10.38,10.94,407
81,is,13.07,13.25,408
81,this,13.25,13.45,408
81,seesaw,13.45,13.9,408
81,safe,13.9,14.45,408
81,those,16.01,16.34,409
81,thieves,16.34,16.72,409
81,stole,16.72,17.04,409
81,thirty,17.04,17.43,409
81,jewels,17.43,18.07,409
81,aluminum,19.71,20.19,410
81,cutlery,20.19,20.72,410
81,can,20.72,20.91,410
81,often,20.91,21.26,410
81,be,21.26,21.36,410
81,flimsy,21.36,21.97,410
82,those,1.08,1.42,411
82,musicians,1.42,2.0,411
82,harmonize,2.0,2.61,411
82,marvellously,2.61,3.43,411
82,most,5.52,5.84,412
82,young,5.84,6.1,412
82,rabbits,6.1,6.6,412
82,rise,6.6,6.94,412
82,early,6.94,7.33,412
82,every,7.33,7.57,412
82,morning,7.57,8.07,412
82,beg,10.2,10.44,413
82,that,10.44,10.65,413
82,guard,10.65,10.97,413
82,for,10.97,11.13,413
82,one,11.13,11.43,413
82,gallon,11.43,11.8,413
82,of,11.8,11.95,413
82,petrol,11.95,12.49,413
82,get,14.47,14.63,414
82,a,14.63,14.67,414
82,calico,14.67,15.16,414
82,cat,15.16,15.52,414
82,to,15.52,15.6,414
82,keep,15.6,15.86,414
82,the,15.86,15.93,414
82,rodents,15.93,16.42,414
82,away,16.42,16.76,414
82,tina,19.06,19.35,415
82,turner,19.35,19.78,415
82,is,19.78,19.92,415
82,a,19.92,19.97,415
82,pop,19.97,20.27,415
82,singer,20.27,20.73,415
83,that,1.43,1.65,416
83,pickpocket,1.65,2.31,416
83,was,2.34,2.46,416
83,caught,2.46,2.78,416
83,redhanded,2.78,3.45,416
83,mum,5.96,6.28,417
83,strongly,6.28,6.82,417
83,dislikes,6.82,7.35,417
83,appetizers,7.35,8.3,417
83,her,9.75,9.82,418
83,classical,9.82,10.3,418
83,repertoire,10.3,10.89,418
83,gained,10.89,11.21,418
83,critical,11.21,11.63,418
83,acclaim,11.63,12.18,418
83,did,14.7,14.87,419
83,you,14.87,14.99,419
83,eat,14.99,15.17,419
83,lunch,15.17,15.53,419
83,yesterday,15.53,16.18,419
83,it's,17.76,17.91,420
83,illegal,17.91,18.3,420
83,to,18.3,18.4,420
83,postdate,18.4,18.84,420
83,a,18.84,19.05,420
83,cheque,19.05,19.51,420
84,hispanic,0.99,1.47,421
84,costumes,1.47,2.06,421
84,are,2.06,2.13,421
84,quite,2.13,2.45,421
84,colourful,2.45,3.05,421
84,youngsters,5.25,5.78,422
84,love,5.78,6.07,422
84,corn,6.07,6.39,422
84,candy,6.39,6.86,422
84,as,6.86,7.01,422
84,a,7.01,7.04,422
84,treat,7.04,7.44,422
84,glucose,10.05,10.58,423
84,and,10.58,10.69,423
84,fructose,10.69,11.29,423
84,are,11.29,11.39,423
84,natural,11.39,11.88,423
84,sugars,11.88,12.35,423
84,found,12.35,12.61,423
84,in,12.61,12.73,423
84,fruit,12.73,13.06,423
84,few,15.17,15.36,424
84,people,15.36,15.75,424
84,live,15.75,15.96,424
84,to,15.96,16.06,424
84,be,16.06,16.22,424
84,a,16.22,16.28,424
84,hundred,16.28,16.76,424
84,traditional,18.86,19.54,425
84,tradition,19.63,20.1,425
84,requires,20.1,20.61,425
84,parental,20.61,21.11,425
84,approval,21.11,21.58,425
84,for,21.58,21.81,425
84,underage,21.81,22.28,425
84,marriage,22.32,22.87,425
85,the,1.4,1.5,426
85,easygoing,1.5,2.13,426
85,zoologist,2.13,2.86,426
85,relaxed,2.86,3.37,426
85,throughout,3.37,3.75,426
85,the,3.75,3.81,426
85,voyage,3.81,4.42,426
85,the,7.08,7.24,427
85,altruistic,7.24,8.03,427
85,dowager,8.03,8.6,427
85,helped,8.6,8.95,427
85,many,8.95,9.25,427
85,malnourished,9.25,9.98,427
85,vagrants,10.05,10.75,427
85,the,12.52,12.62,428
85,haunted,12.62,12.98,428
85,house,12.98,13.28,428
85,was,13.28,13.63,428
85,a,13.68,13.77,428
85,hit,13.77,14.36,428
85,due,14.36,14.49,428
85,to,14.49,14.66,428
85,the,14.66,14.84,428
85,outstanding,14.84,15.51,428
85,audiovisual,15.51,16.37,428
85,effects,16.37,16.96,428
85,they,19.14,19.25,429
85,all,19.25,19.48,429
85,enjoy,19.48,19.89,429
85,ice,19.89,20.07,429
85,cream,20.07,20.36,429
85,sundaes,20.36,21.05,429
85,jeff's,23.3,23.68,430
85,toy,23.83,24.12,430
85,gocart,24.12,24.66,430
85,never,24.7,24.95,430
85,worked,24.95,25.46,430
86,nonprofit,0.93,1.65,431
86,organizations,1.65,2.65,431
86,have,2.65,2.8,431
86,frequent,2.8,3.22,431
86,fundraisers,3.26,4.05,431
86,allow,6.21,6.52,432
86,leeway,6.52,7.02,432
86,here,7.02,7.45,432
86,i,8.58,8.7,433
86,honour,8.7,8.99,433
86,my,8.99,9.19,433
86,mum,9.19,9.64,433
86,rationalize,10.95,11.71,434
86,all,11.71,11.96,434
86,errors,11.96,12.62,434
86,may,13.96,14.12,435
86,i,14.12,14.25,435
86,order,14.25,14.61,435
86,a,14.61,14.66,435
86,parfait,14.66,15.25,435
86,after,15.25,15.59,435
86,i,15.59,15.7,435
86,eat,15.7,15.92,435
86,dinner,15.92,16.26,435
87,herb's,1.15,1.5,436
87,birthday,1.5,2.3,436
87,frequently,2.3,2.98,436
87,occurs,2.98,3.51,436
87,on,3.51,3.8,436
87,thanksgiving,3.8,4.59,436
87,does,6.19,6.44,437
87,hindu,6.44,6.74,437
87,ideology,6.74,7.43,437
87,honour,7.43,7.7,437
87,cows,7.7,8.33,437
87,we,9.89,10.04,438
87,apply,10.04,10.36,438
87,auditory,10.36,11.0,438
87,modelling,11.0,11.52,438
87,to,11.52,11.64,438
87,computer,11.64,12.13,438
87,speech,12.13,12.51,438
87,recognition,12.51,13.28,438
87,tornados,15.49,16.15,439
87,often,16.15,16.56,439
87,destroy,16.56,17.02,439
87,aviaries,17.05,17.92,439
87,jeff,19.47,19.7,440
87,thought,19.7,20.05,440
87,you,20.05,20.19,440
87,argued,20.19,20.59,440
87,in,20.59,20.72,440
87,favour,20.72,21.14,440
87,of,21.14,21.24,440
87,a,21.24,21.31,440
87,centrifuge,21.31,22.05,440
87,purchase,22.05,22.69,440
88,rock,0.99,1.23,441
88,and,1.23,1.37,441
88,roll,1.37,1.53,441
88,music,1.53,2.01,441
88,has,2.01,2.15,441
88,a,2.15,2.19,441
88,great,2.19,2.52,441
88,rhythm,2.52,2.94,441
88,we,5.25,5.37,442
88,like,5.37,5.67,442
88,blue,5.67,5.88,442
88,cheese,5.88,6.34,442
88,but,6.37,6.51,442
88,victor,6.51,6.9,442
88,likes,6.9,7.18,442
88,brie,7.18,7.62,442
88,please,9.7,9.95,443
88,dig,9.95,10.22,443
88,my,10.22,10.36,443
88,potatoes,10.36,10.93,443
88,up,10.93,11.1,443
88,before,11.1,11.44,443
88,the,11.44,11.51,443
88,frost,11.51,12.2,443
88,rob,14.36,14.67,444
88,made,14.67,14.96,444
88,hungarian,14.96,15.53,444
88,goulash,15.53,16.02,444
88,for,16.02,16.19,444
88,dinner,16.19,16.56,444
88,and,16.56,16.76,444
88,gooseberry,16.76,17.3,444
88,pie,17.3,17.67,444
88,for,17.67,17.82,444
88,dessert,17.82,18.25,444
88,trish,21.22,21.52,445
88,saw,21.52,21.77,445
88,hours,21.77,22.17,445
88,and,22.17,22.27,445
88,hours,22.27,22.65,445
88,of,22.65,22.77,445
88,movie,22.77,23.09,445
88,this,23.09,23.4,445
88,movies,23.4,23.7,445
88,this,23.7,23.83,445
88,saturday,23.83,24.45,445
89,the,1.26,1.32,446
89,speech,1.32,1.71,446
89,symposium,1.71,2.36,446
89,might,2.36,2.6,446
89,begin,2.6,2.9,446
89,on,2.9,3.11,446
89,monday,3.11,3.56,446
89,gremlins,5.95,6.39,447
89,is,6.39,6.52,447
89,yet,6.52,6.69,447
89,another,6.69,7.08,447
89,exciting,7.08,7.63,447
89,movie,7.63,7.91,447
89,by,7.91,8.11,447
89,steven,8.11,8.54,447
89,spielberg,8.54,9.16,447
89,growing,11.93,12.29,448
89,well,12.29,12.48,448
89,kept,12.48,12.77,448
89,gardens,12.77,13.29,448
89,is,13.29,13.44,448
89,very,13.44,13.7,448
89,time,13.7,14.02,448
89,consuming,14.02,14.65,448
89,is,16.4,16.5,449
89,she,16.5,16.67,449
89,going,16.67,16.98,449
89,with,16.98,17.16,449
89,you,17.16,17.41,449
89,i,19.48,19.56,450
89,took,19.56,19.81,450
89,her,19.81,19.9,450
89,word,19.9,20.17,450
89,for,20.17,20.44,450
89,it,20.44,20.55,450
90,children,1.29,1.78,451
90,can,1.78,1.99,451
90,consume,1.99,2.52,451
90,many,2.52,2.75,451
90,fruit,2.75,3.07,451
90,rollups,3.07,3.65,451
90,in,3.65,3.77,451
90,one,3.77,3.96,451
90,sitting,3.96,4.44,451
90,people,7.15,7.45,452
90,drink,7.45,7.78,452
90,much,7.78,8.04,452
90,water,8.04,8.41,452
90,with,8.41,8.6,452
90,horseradish,8.6,9.28,452
90,relish,9.28,9.88,452
90,gwen,12.07,12.33,453
90,grows,12.33,12.66,453
90,green,12.66,13.01,453
90,beans,13.01,13.36,453
90,in,13.36,13.51,453
90,her,13.51,13.59,453
90,vegetable,13.59,14.13,453
90,garden,14.13,14.63,453
90,the,16.89,16.94,454
90,football,16.94,17.43,454
90,team,17.43,17.71,454
90,coach,17.71,18.13,454
90,has,18.13,18.3,454
90,a,18.3,18.38,454
90,watch,18.38,18.8,454
90,as,18.8,18.96,454
90,thin,18.96,19.22,454
90,as,19.22,19.39,454
90,a,19.39,19.44,454
90,dime,19.44,19.93,454
90,the,22.53,22.59,455
90,seamstress,22.59,23.42,455
90,attaches,23.49,24.04,455
90,zips,24.04,24.6,455
90,with,24.6,24.79,455
90,a,24.79,24.82,455
90,thimble,24.82,25.38,455
90,needle,25.38,25.79,455
90,and,25.79,25.98,455
90,thread,25.98,26.41,455
91,a,2.14,2.19,456
91,moth,2.19,2.56,456
91,zigzagged,2.56,3.21,456
91,along,3.21,3.54,456
91,the,3.54,3.59,456
91,path,3.59,3.99,456
91,through,4.02,4.21,456
91,otto's,4.21,4.58,456
91,garden,4.58,5.11,456
91,coffee,7.4,7.81,457
91,is,7.81,7.92,457
91,grown,7.92,8.23,457
91,on,8.23,8.43,457
91,steep,8.43,8.85,457
91,junglelike,8.88,9.55,457
91,slopes,9.55,10.0,457
91,in,10.0,10.11,457
91,temperate,10.11,10.58,457
91,zones,10.58,11.16,457
91,that,13.82,14.01,458
91,stinging,14.01,14.48,458
91,vapour,14.48,14.88,458
91,was,14.88,15.1,458
91,caused,15.1,15.51,458
91,by,15.51,15.66,458
91,chloride,15.66,16.22,458
91,vaporization,16.22,17.14,458
91,don't,19.72,20.01,459
91,look,20.01,20.21,459
91,for,20.21,20.36,459
91,cheap,20.36,20.7,459
91,valuables,20.7,21.32,459
91,in,21.32,21.4,459
91,a,21.4,21.45,459
91,bank,21.45,21.74,459
91,vault,21.74,22.14,459
91,which,22.17,24.92,460
91,theatre,24.92,25.37,460
91,shows,25.37,25.74,460
91,mother,25.74,26.03,460
91,goose,26.03,26.58,460
