file,text,xmin,xmax,sentence,word_in_sentence
0,this,0.98,1.2,1,0
0,was,1.2,1.37,1,1
0,easy,1.37,1.61,1,2
0,for,1.61,1.87,1,3
0,us,1.87,2.22,1,4
0,jane,3.63,3.93,2,0
0,may,3.93,4.0,2,1
0,earn,4.0,4.25,2,2
0,more,4.25,4.63,2,3
0,money,4.63,4.92,2,4
0,by,4.92,5.07,2,5
0,working,5.07,5.46,2,6
0,hard,5.46,5.84,2,7
0,she,7.73,7.99,3,0
0,is,7.99,8.11,3,1
0,thinner,8.11,8.4,3,2
0,than,8.4,8.53,3,3
0,i,8.53,8.66,3,4
0,am,8.66,8.97,3,5
0,bright,10.81,11.06,4,0
0,sunshine,11.06,11.63,4,1
0,shimmers,11.63,11.99,4,2
0,on,11.99,12.13,4,3
0,the,12.13,12.25,4,4
0,ocean,12.25,12.68,4,5
0,nothing,14.65,15.07,5,0
0,as,15.07,15.18,5,1
0,offensive,15.18,15.79,5,2
0,as,15.79,15.93,5,3
0,innocence,15.93,16.65,5,4
1,why,1.14,1.3,6,0
1,yell,1.3,1.65,6,1
1,or,1.65,1.73,6,2
1,worry,1.73,2.08,6,3
1,over,2.08,2.26,6,4
1,silly,2.26,2.57,6,5
1,items,2.57,3.1,6,6
1,where,5.05,5.26,7,0
1,were,5.26,5.36,7,1
1,you,5.36,5.58,7,2
1,while,5.58,5.78,7,3
1,we,5.78,5.89,7,4
1,were,5.89,6.02,7,5
1,away,6.02,6.42,7,6
1,are,8.57,8.66,8,0
1,your,8.66,8.81,8,1
1,grades,8.81,9.19,8,2
1,higher,9.19,9.5,8,3
1,or,9.5,9.6,8,4
1,lower,9.6,9.9,8,5
1,than,9.9,10.09,8,6
1,nancy's,10.09,10.75,8,7
1,he,12.74,13.17,9,0
1,will,13.17,13.3,9,1
1,allow,13.3,13.71,9,2
1,a,13.71,13.79,9,3
1,rare,13.79,14.08,9,4
1,lie,14.08,14.49,9,5
1,will,16.21,16.39,10,0
1,robin,16.39,16.72,10,1
1,wear,16.72,16.94,10,2
1,a,16.94,16.97,10,3
1,yellow,16.97,17.3,10,4
1,lily,17.3,17.68,10,5
2,swing,1.0,1.27,11,0
2,your,1.27,1.41,11,1
2,arm,1.41,1.64,11,2
2,as,1.64,1.76,11,3
2,high,1.76,1.87,11,4
2,as,1.87,1.97,11,5
2,you,1.97,2.03,11,6
2,can,2.03,2.38,11,7
2,before,4.56,4.87,12,0
2,thursday's,4.87,5.3,12,1
2,exam,5.3,5.72,12,2
2,review,5.72,6.02,12,3
2,every,6.02,6.24,12,4
2,formula,6.24,6.77,12,5
2,the,8.9,8.95,13,0
2,museum,8.95,9.36,13,1
2,hires,9.36,9.68,13,2
2,musicians,9.68,10.18,13,3
2,every,10.18,10.43,13,4
2,evening,10.43,10.78,13,5
2,a,13.08,13.17,14,0
2,roll,13.17,13.4,14,1
2,of,13.4,13.5,14,2
2,wire,13.5,13.83,14,3
2,lay,13.83,13.95,14,4
2,near,13.95,14.14,14,5
2,the,14.14,14.24,14,6
2,wall,14.24,14.64,14,7
2,carl,16.77,17.12,15,0
2,lives,17.12,17.48,15,1
2,in,17.48,17.54,15,2
2,a,17.54,17.62,15,3
2,lively,17.62,17.99,15,4
2,home,17.99,18.38,15,5
3,alimony,1.01,1.53,16,0
3,harms,1.53,1.93,16,1
3,a,1.93,2.0,16,2
3,divorced,2.0,2.39,16,3
3,man's,2.39,2.69,16,4
3,wealth,2.69,3.02,16,5
3,she,4.85,5.06,17,0
3,wore,5.06,5.29,17,1
3,warm,5.29,5.62,17,2
3,fleecy,5.62,6.01,17,3
3,woolen,6.01,6.3,17,4
3,overalls,6.3,6.96,17,5
3,alfalfa,8.6,9.17,18,0
3,is,9.17,9.34,18,1
3,healthy,9.34,9.6,18,2
3,for,9.6,9.79,18,3
3,you,9.79,10.05,18,4
3,when,11.71,11.84,19,0
3,all,11.84,12.01,19,1
3,else,12.01,12.22,19,2
3,fails,12.22,12.73,19,3
3,use,12.76,12.99,19,4
3,force,12.99,13.52,19,5
3,although,15.34,15.42,20,0
3,always,15.42,15.69,20,1
3,alone,15.69,16.24,20,2
3,we,16.24,16.36,20,3
3,survive,16.36,17.01,20,4
4,only,1.1,1.32,21,0
4,lawyers,1.32,1.76,21,1
4,love,1.76,1.96,21,2
4,millionaires,1.96,2.66,21,3
4,did,4.2,4.36,22,0
4,dad,4.36,4.61,22,1
4,do,4.61,4.71,22,2
4,academic,4.71,5.2,22,3
4,bidding,5.2,5.54,22,4
4,help,7.55,7.73,23,0
4,greg,7.73,7.96,23,1
4,to,7.96,8.03,23,2
4,pick,8.03,8.24,23,3
4,a,8.24,8.28,23,4
4,peck,8.28,8.5,23,5
4,of,8.5,8.58,23,6
4,potatoes,8.58,9.22,23,7
4,a,11.33,11.43,24,0
4,good,11.43,11.66,24,1
4,attitude,11.66,12.15,24,2
4,is,12.15,12.24,24,3
4,unbeatable,12.24,12.81,24,4
4,coconut,14.74,15.13,25,0
4,cream,15.13,15.4,25,1
4,pie,15.4,15.68,25,2
4,makes,15.68,15.92,25,3
4,a,15.92,15.96,25,4
4,nice,15.96,16.17,25,5
4,dessert,16.17,16.64,25,6
5,don't,0.98,1.2,26,0
5,do,1.2,1.3,26,1
5,charlie's,1.3,1.73,26,2
5,dirty,1.73,1.94,26,3
5,dishes,1.94,2.53,26,4
5,help,4.36,4.55,27,0
5,celebrate,4.55,4.98,27,1
5,your,4.98,5.07,27,2
5,brother's,5.07,5.38,27,3
5,success,5.38,6.05,27,4
5,only,8.35,8.55,28,0
5,the,8.55,8.65,28,1
5,most,8.65,8.91,28,2
5,accomplished,8.91,9.42,28,3
5,artists,9.42,9.81,28,4
5,obtain,9.81,10.11,28,5
5,popularity,10.11,10.8,28,6
5,critical,13.42,13.78,29,0
5,equipment,13.78,14.24,29,1
5,needs,14.24,14.47,29,2
5,proper,14.47,14.79,29,3
5,maintenance,14.79,15.46,29,4
5,young,17.79,18.04,30,0
5,people,18.04,18.33,30,1
5,participate,18.33,18.98,30,2
5,in,18.98,19.06,30,3
5,athletic,19.06,19.48,30,4
5,activities,19.48,20.2,30,5
6,b,0.67,0.73,31,0
6,barb's,1.24,1.58,31,1
6,gold,1.58,1.84,31,2
6,bracelet,1.84,2.28,31,3
6,was,2.28,2.41,31,4
6,a,2.41,2.44,31,5
6,graduation,2.44,3.06,31,6
6,present,3.06,3.41,31,7
6,stimulating,5.4,6.0,32,0
6,discussions,6.0,6.57,32,1
6,keep,6.57,6.8,32,2
6,students,6.8,7.19,32,3
6,attention,7.19,7.72,32,4
6,etiquette,10.28,10.64,33,0
6,mandates,10.64,11.12,33,1
6,compliance,11.12,11.69,33,2
6,with,11.69,11.8,33,3
6,existing,11.8,12.23,33,4
6,regulations,12.23,13.08,33,5
6,biblical,15.56,15.94,34,0
6,scholars,15.94,16.41,34,1
6,argue,16.41,16.67,34,2
6,history,16.67,17.17,34,3
6,elderly,19.17,19.51,35,0
6,people,19.51,19.85,35,1
6,are,19.85,19.97,35,2
6,often,19.97,20.24,35,3
6,excluded,20.24,20.83,35,4
7,basketball,0.9,1.39,36,0
7,can,1.39,1.54,36,1
7,be,1.54,1.64,36,2
7,an,1.64,1.7,36,3
7,entertaining,1.7,2.17,36,4
7,sport,2.17,2.6,36,5
7,addition,4.92,5.33,37,0
7,and,5.33,5.46,37,1
7,subtraction,5.46,6.0,37,2
7,are,6.0,6.11,37,3
7,learned,6.11,6.41,37,4
7,skills,6.41,6.97,37,5
7,grandmother,9.45,9.97,38,0
7,outgrew,9.97,10.4,38,1
7,her,10.4,10.49,38,2
7,upbringing,10.49,10.95,38,3
7,in,10.95,11.07,38,4
7,petticoats,11.07,11.84,38,5
7,at,14.47,14.7,39,0
7,twilight,14.7,15.05,39,1
7,on,15.05,15.17,39,2
7,the,15.17,15.23,39,3
7,twelfth,15.23,15.58,39,4
7,day,15.58,15.8,39,5
7,we'll,15.8,15.96,39,6
7,have,15.96,16.18,39,7
7,chablis,16.18,16.7,39,8
7,catastrophic,19.18,19.83,40,0
7,economic,19.83,20.3,40,1
7,cutbacks,20.3,20.84,40,2
7,neglect,20.84,21.16,40,3
7,the,21.16,21.22,40,4
7,poor,21.22,21.63,40,5
8,ambidextrous,1.0,1.61,41,0
8,pickpockets,1.61,2.25,41,1
8,accomplish,2.25,2.71,41,2
8,more,2.71,3.0,41,3
8,even,4.96,5.15,42,0
8,a,5.15,5.24,42,1
8,simple,5.24,5.6,42,2
8,vocabulary,5.6,6.24,42,3
8,contains,6.24,6.69,42,4
8,symbols,6.69,7.24,42,5
8,the,9.23,9.3,43,0
8,eastern,9.3,9.68,43,1
8,coast,9.68,10.09,43,2
8,is,10.09,10.15,43,3
8,a,10.15,10.21,43,4
8,place,10.21,10.49,43,5
8,for,10.49,10.61,43,6
8,pure,10.61,10.82,43,7
8,pleasure,10.82,11.24,43,8
8,and,11.24,11.36,43,9
8,excitement,11.36,11.89,43,10
8,the,15.08,15.16,44,0
8,lack,15.16,15.4,44,1
8,of,15.4,15.5,44,2
8,heat,15.5,15.74,44,3
8,compounded,15.74,16.25,44,4
8,the,16.25,16.33,44,5
8,tenant's,16.33,16.67,44,6
8,grievances,16.67,17.37,44,7
8,academic,19.1,19.64,45,0
8,aptitude,20.42,20.88,45,1
8,guarantees,20.88,21.46,45,2
8,your,21.5,21.68,45,3
8,diploma,21.68,22.57,45,4
9,the,0.92,0.99,46,0
9,prowler,0.99,1.4,46,1
9,wore,1.4,1.56,46,2
9,a,1.56,1.63,46,3
9,ski,1.63,1.9,46,4
9,mask,1.9,2.24,46,5
9,for,2.24,2.36,46,6
9,disguise,2.36,3.04,46,7
9,we,4.9,5.02,47,0
9,experience,5.02,5.57,47,1
9,distress,5.57,6.11,47,2
9,and,6.11,6.24,47,3
9,frustration,6.24,6.78,47,4
9,obtaining,6.78,7.18,47,5
9,our,7.18,7.27,47,6
9,degrees,7.27,7.84,47,7
9,the,10.62,10.69,48,0
9,singer's,10.69,11.08,48,1
9,finger,11.08,11.45,48,2
9,had,11.45,11.55,48,3
9,a,11.55,11.61,48,4
9,splinter,11.61,12.14,48,5
9,the,14.63,14.69,49,0
9,legislature,14.69,15.33,49,1
9,met,15.33,15.54,49,2
9,to,15.54,15.66,49,3
9,judge,15.66,15.99,49,4
9,the,15.99,16.07,49,5
9,state,16.07,16.35,49,6
9,of,16.35,16.45,49,7
9,public,16.45,16.73,49,8
9,education,16.73,17.38,49,9
9,chocolate,20.0,20.38,50,0
9,and,20.38,20.53,50,1
9,roses,20.53,20.9,50,2
9,never,20.9,21.12,50,3
9,fail,21.12,21.43,50,4
9,as,21.43,21.53,50,5
9,a,21.53,21.64,50,6
9,romantic,21.64,22.05,50,7
9,gift,22.05,22.5,50,8
10,any,0.81,1.01,51,0
10,contributions,1.01,1.72,51,1
10,will,1.72,1.8,51,2
10,be,1.8,1.9,51,3
10,greatly,1.9,2.24,51,4
10,appreciated,2.24,2.87,51,5
10,continental,5.57,6.09,52,0
10,drift,6.09,6.45,52,1
10,is,6.45,6.57,52,2
10,a,6.57,6.63,52,3
10,geological,6.63,7.23,52,4
10,theory,7.23,7.67,52,5
10,regular,9.66,10.07,53,0
10,attendance,10.07,10.62,53,1
10,is,10.62,10.75,53,2
10,seldom,10.75,11.08,53,3
10,required,11.08,11.72,53,4
10,challenge,13.62,14.01,54,0
10,each,14.01,14.1,54,1
10,general's,14.1,14.38,54,2
10,intelligence,14.38,15.06,54,3
10,we,15.19,15.25,55,0
10,got,15.25,15.6,55,1
10,drenched,15.6,16.06,55,2
10,from,17.63,17.7,55,3
10,the,17.7,17.79,55,4
10,uninterrupted,17.79,18.94,55,5
10,rain,18.94,19.08,55,6
11,last,0.58,0.88,56,0
11,year's,0.88,1.05,56,1
11,gas,1.05,1.38,56,2
11,shortage,1.38,1.8,56,3
11,caused,1.8,2.05,56,4
11,steep,2.05,2.35,56,5
11,price,2.35,2.62,56,6
11,increases,2.62,3.21,56,7
11,upgrade,5.74,6.09,57,0
11,your,6.09,6.19,57,1
11,status,6.19,6.61,57,2
11,to,6.61,6.73,57,3
11,reflect,6.73,7.12,57,4
11,your,7.12,7.21,57,5
11,wealth,7.21,7.6,57,6
11,eat,10.24,10.46,58,0
11,your,10.46,10.55,58,1
11,raisins,10.55,10.93,58,2
11,outdoors,10.93,11.42,58,3
11,on,11.42,11.5,58,4
11,the,11.5,11.56,58,5
11,porch,11.56,11.92,58,6
11,steps,11.92,12.44,58,7
11,porcupines,14.65,15.21,59,0
11,resemble,15.21,15.56,59,1
11,sea,15.56,15.8,59,2
11,urchins,15.8,16.36,59,3
11,spring,18.12,18.47,60,0
11,street,18.47,18.74,60,1
11,is,18.74,18.85,60,2
11,straight,18.85,19.06,60,3
11,ahead,19.06,19.5,60,4
12,cliff's,0.67,0.96,61,0
12,display,0.96,1.43,61,1
12,was,1.43,1.6,61,2
12,misplaced,1.6,2.11,61,3
12,on,2.11,2.23,61,4
12,the,2.23,2.29,61,5
12,screen,2.29,2.61,61,6
12,an,2.61,2.67,62,0
12,offline,2.67,2.7,62,1
12,an,4.94,5.02,62,2
12,official,5.02,5.37,62,3
12,deadline,5.37,5.88,62,4
12,cannot,5.88,6.19,62,5
12,be,6.19,6.29,62,6
12,postponed,6.29,6.98,62,7
12,fill,9.16,9.3,63,0
12,that,9.3,9.5,63,1
12,canteen,9.5,9.98,63,2
12,with,9.98,10.14,63,3
12,fresh,10.14,10.37,63,4
12,spring,10.37,10.64,63,5
12,water,10.64,10.99,63,6
12,gently,13.39,13.67,64,0
12,place,13.67,13.96,64,1
12,jim's,13.96,14.3,64,2
12,foam,14.3,14.55,64,3
12,sculpture,14.55,14.96,64,4
12,in,14.96,15.07,64,5
12,the,15.07,15.13,64,6
12,box,15.13,15.66,64,7
12,bagpipes,18.1,18.58,65,0
12,and,18.58,18.72,65,1
12,bongos,18.72,19.1,65,2
12,are,19.1,19.18,65,3
12,musical,19.18,19.56,65,4
12,instruments,19.56,20.3,65,5
13,doctors,0.71,1.09,66,0
13,prescribe,1.09,1.54,66,1
13,drugs,1.54,1.87,66,2
13,too,1.87,2.05,66,3
13,freely,2.05,2.51,66,4
13,will,4.56,4.66,67,0
13,you,4.66,4.74,67,1
13,please,4.74,5.05,67,2
13,describe,5.05,5.5,67,3
13,the,5.5,5.59,67,4
13,idiotic,5.59,5.99,67,5
13,predicament,5.99,6.47,67,6
13,it's,9.17,9.35,68,0
13,impossible,9.35,9.91,68,1
13,to,9.91,9.97,68,2
13,deal,9.97,10.18,68,3
13,with,10.18,10.34,68,4
13,bureaucracy,10.34,10.97,68,5
13,good,13.49,13.72,69,0
13,service,13.72,14.11,69,1
13,should,14.11,14.25,69,2
13,be,14.25,14.32,69,3
13,rewarded,14.32,14.78,69,4
13,by,14.78,14.88,69,5
13,big,14.88,15.15,69,6
13,tips,15.15,15.63,69,7
13,my,18.03,18.29,70,0
13,instructions,18.29,18.94,70,1
13,desperately,18.94,19.43,70,2
13,needed,19.43,19.69,70,3
13,updating,19.69,20.11,70,4
14,cooperation,0.74,1.35,71,0
14,along,1.35,1.69,71,1
14,with,1.69,1.79,71,2
14,understanding,1.79,2.49,71,3
14,alleviate,2.49,2.96,71,4
14,dispute,2.96,3.39,71,5
14,cement,5.86,6.23,72,0
14,is,6.23,6.35,72,1
14,measured,6.35,6.68,72,2
14,in,6.68,6.81,72,3
14,cubic,6.81,7.13,72,4
14,yards,7.13,7.63,72,5
14,primitive,9.63,10.01,73,0
14,tribes,10.01,10.38,73,1
14,have,10.38,10.49,73,2
14,an,10.49,10.57,73,3
14,upbeat,10.57,10.9,73,4
14,attitude,10.9,11.4,73,5
14,flying,13.72,14.04,74,0
14,standby,14.04,14.57,74,1
14,can,14.57,14.7,74,2
14,be,14.7,14.76,74,3
14,practical,14.76,15.31,74,4
14,if,15.31,15.42,74,5
14,you,15.42,15.5,74,6
14,want,15.5,15.67,74,7
14,to,15.67,15.73,74,8
14,save,15.73,15.91,74,9
14,money,15.91,16.25,74,10
14,it's,19.21,19.45,75,0
14,hard,19.45,19.62,75,1
14,to,19.62,19.69,75,2
14,tell,19.69,19.9,75,3
14,an,19.9,19.98,75,4
14,original,19.98,20.42,75,5
14,from,20.42,20.57,75,6
14,a,20.57,20.63,75,7
14,forgery,20.63,21.18,75,8
15,the,0.84,0.91,76,0
15,thinker,0.91,1.26,76,1
15,is,1.26,1.38,76,2
15,a,1.38,1.43,76,3
15,famous,1.43,1.79,76,4
15,sculpture,1.79,2.25,76,5
15,the,4.83,4.96,77,0
15,misprint,4.96,5.33,77,1
15,provoked,5.33,5.77,77,2
15,an,5.77,5.85,77,3
15,immediate,5.85,6.21,77,4
15,disclaimer,6.21,6.77,77,5
15,a,8.97,9.06,78,0
15,large,9.06,9.38,78,1
15,household,9.38,9.79,78,2
15,needs,9.79,9.96,78,3
15,lots,9.96,10.23,78,4
15,of,10.23,10.29,78,5
15,appliances,10.29,11.09,78,6
15,cut,13.62,13.78,79,0
15,a,13.78,13.84,79,1
15,small,13.84,14.09,79,2
15,corner,14.09,14.42,79,3
15,off,14.42,14.6,79,4
15,each,14.6,14.77,79,5
15,edge,14.77,15.15,79,6
15,iguanas,16.95,17.46,80,0
15,and,17.46,17.55,80,1
15,alligators,17.55,18.09,80,2
15,are,18.09,18.17,80,3
15,tropical,18.17,18.65,80,4
15,reptiles,18.65,19.38,80,5
16,masquerade,0.99,1.53,81,0
16,parties,1.53,1.84,81,1
16,tax,1.84,2.19,81,2
16,one's,2.19,2.37,81,3
16,imagination,2.37,3.19,81,4
16,penguins,5.1,5.57,82,0
16,live,5.57,5.78,82,1
16,near,5.78,5.95,82,2
16,the,5.95,6.07,82,3
16,icy,6.07,6.37,82,4
16,antarctic,6.37,7.09,82,5
16,guess,8.95,9.19,83,0
16,the,9.19,9.26,83,1
16,question,9.26,9.69,83,2
16,from,9.69,9.83,83,3
16,the,9.83,9.92,83,4
16,answer,9.92,10.34,83,5
16,medieval,12.61,12.95,84,0
16,society,12.95,13.47,84,1
16,was,13.47,13.6,84,2
16,based,13.6,13.86,84,3
16,on,13.86,13.98,84,4
16,hierarchies,13.98,14.83,84,5
16,project,17.07,17.48,85,0
16,development,17.48,17.94,85,1
16,was,17.94,18.07,85,2
16,proceeding,18.07,18.55,85,3
16,too,18.55,18.74,85,4
16,slowly,18.74,19.24,85,5
17,kindergarten,1.31,1.85,86,0
17,children,1.85,2.22,86,1
17,decorate,2.22,2.62,86,2
17,their,2.62,2.71,86,3
17,classrooms,2.71,3.24,86,4
17,for,3.24,3.39,86,5
17,all,3.39,3.52,86,6
17,holidays,3.52,4.22,86,7
17,special,7.4,7.83,87,0
17,task,7.83,8.18,87,1
17,forces,8.18,8.57,87,2
17,rescue,8.57,8.92,87,3
17,hostages,8.92,9.44,87,4
17,from,9.44,9.58,87,5
17,kidnappers,9.58,10.34,87,6
17,call,12.3,12.49,88,0
17,an,12.49,12.6,88,1
17,ambulance,12.6,13.1,88,2
17,for,13.1,13.28,88,3
17,medical,13.28,13.64,88,4
17,assistance,13.64,14.41,88,5
17,he,16.53,16.66,89,0
17,stole,16.66,16.91,89,1
17,a,16.91,16.96,89,2
17,dime,16.96,17.3,89,3
17,from,17.3,17.45,89,4
17,a,17.45,17.52,89,5
17,beggar,17.52,17.91,89,6
17,you,19.97,20.06,90,0
17,must,20.06,20.29,90,1
17,explicitly,20.29,20.87,90,2
17,delete,20.87,21.17,90,3
17,files,21.17,21.81,90,4
18,a,0.83,0.89,91,0
18,huge,0.89,1.19,91,1
18,tapestry,1.19,1.73,91,2
18,hung,1.73,1.94,91,3
18,in,1.94,2.02,91,4
18,her,2.02,2.12,91,5
18,hallway,2.12,2.51,91,6
18,birthday,4.7,5.01,92,0
18,parties,5.01,5.36,92,1
18,have,5.36,5.45,92,2
18,cupcakes,5.45,5.96,92,3
18,and,5.96,6.03,92,4
18,ice,6.03,6.2,92,5
18,cream,6.2,6.54,92,6
18,his,9.05,9.26,93,0
18,scalp,9.26,9.59,93,1
18,was,9.59,9.72,93,2
18,blistered,9.72,10.16,93,3
18,from,10.16,10.28,93,4
18,today's,10.28,10.65,93,5
18,hot,10.65,10.84,93,6
18,sun,10.84,11.25,93,7
18,she,13.79,13.97,94,0
18,slipped,13.97,14.31,94,1
18,and,14.31,14.44,94,2
18,sprained,14.44,14.71,94,3
18,her,14.71,14.8,94,4
18,ankle,14.8,15.06,94,5
18,on,15.06,15.19,94,6
18,the,15.19,15.26,94,7
18,steep,15.26,15.58,94,8
18,slope,15.58,15.99,94,9
18,the,18.87,18.94,95,0
18,best,18.94,19.2,95,1
18,way,19.2,19.3,95,2
18,to,19.3,19.37,95,3
18,learn,19.37,19.61,95,4
18,is,19.61,19.72,95,5
18,to,19.72,19.84,95,6
18,solve,19.84,20.09,95,7
18,extra,20.09,20.36,95,8
18,problems,20.36,20.99,95,9
19,his,1.36,1.55,96,0
19,sudden,1.55,1.81,96,1
19,departure,1.81,2.28,96,2
19,shocked,2.28,2.61,96,3
19,the,2.61,2.67,96,4
19,cast,2.67,3.27,96,5
19,tugboats,5.37,5.76,97,0
19,are,5.76,5.85,97,1
19,capable,5.85,6.28,97,2
19,of,6.28,6.38,97,3
19,hauling,6.38,6.65,97,4
19,huge,6.65,6.91,97,5
19,loads,6.91,7.36,97,6
19,a,9.61,9.69,98,0
19,muscular,9.69,10.09,98,1
19,abdomen,10.09,10.54,98,2
19,is,10.54,10.66,98,3
19,good,10.66,10.87,98,4
19,for,10.87,10.96,98,5
19,your,10.96,11.07,98,6
19,back,11.07,11.52,98,7
19,the,13.95,14.0,99,0
19,cartoon,14.0,14.49,99,1
19,features,14.49,14.81,99,2
19,a,14.81,14.86,99,3
19,muskrat,14.86,15.34,99,4
19,and,15.34,15.43,99,5
19,a,15.43,15.52,99,6
19,tadpole,15.52,16.1,99,7
19,the,18.61,18.73,100,0
19,emblem,18.73,19.07,100,1
19,depicts,19.07,19.46,100,2
19,the,19.46,19.53,100,3
19,acropolis,19.53,20.13,100,4
19,all,20.13,20.3,100,5
19,aglow,20.3,20.69,100,6
20,clasp,0.91,1.31,101,0
20,the,1.31,1.42,101,1
20,screw,1.42,1.76,101,2
20,in,1.76,1.85,101,3
20,your,1.85,1.95,101,4
20,left,1.95,2.24,101,5
20,hand,2.24,2.59,101,6
20,the,4.36,4.43,102,0
20,mango,4.43,4.75,102,1
20,and,4.75,4.88,102,2
20,the,4.88,4.95,102,3
20,papaya,4.95,5.42,102,4
20,are,5.42,5.55,102,5
20,in,5.55,5.64,102,6
20,a,5.64,5.69,102,7
20,bowl,5.69,6.09,102,8
20,combine,8.29,8.62,103,0
20,all,8.62,8.77,103,1
20,the,8.77,8.89,103,2
20,ingredients,8.89,9.44,103,3
20,in,9.44,9.5,103,4
20,a,9.5,9.57,103,5
20,large,9.57,9.88,103,6
20,bowl,9.88,10.28,103,7
20,the,12.87,12.94,104,0
20,misquote,12.94,13.41,104,1
20,was,13.41,13.57,104,2
20,retracted,13.57,14.09,104,3
20,with,14.09,14.24,104,4
20,an,14.24,14.3,104,5
20,apology,14.3,14.93,104,6
20,the,17.31,17.37,105,0
20,coyote,17.37,17.87,105,1
20,bobcat,17.87,18.45,105,2
20,and,18.45,18.59,105,3
20,hyena,18.59,18.95,105,4
20,are,18.95,19.2,105,5
20,wild,19.2,19.56,105,6
20,animals,19.56,20.16,105,7
21,trespassing,0.6,1.2,106,0
21,is,1.2,1.32,106,1
21,forbidden,1.32,1.73,106,2
21,and,1.73,1.89,106,3
21,subject,1.89,2.22,106,4
21,to,2.22,2.28,106,5
21,penalty,2.28,2.77,106,6
21,encyclopedias,5.3,6.15,107,0
21,seldom,6.15,6.51,107,1
21,present,6.51,6.89,107,2
21,anecdotal,6.89,7.43,107,3
21,evidence,7.43,8.04,107,4
21,a,10.03,10.11,108,0
21,screwdriver,10.11,10.73,108,1
21,is,10.73,10.83,108,2
21,made,10.83,11.06,108,3
21,from,11.06,11.21,108,4
21,vodka,11.21,11.56,108,5
21,and,11.56,11.7,108,6
21,orange,11.7,11.97,108,7
21,juice,11.97,12.43,108,8
21,objects,14.8,15.18,109,0
21,made,15.18,15.33,109,1
21,of,15.33,15.46,109,2
21,pewter,15.46,15.86,109,3
21,are,15.86,15.9,109,4
21,beautiful,15.9,16.43,109,5
21,westchester,19.08,19.71,110,0
21,is,19.71,19.81,110,1
21,a,19.81,19.86,110,2
21,county,19.86,20.22,110,3
21,in,20.22,20.36,110,4
21,new,20.36,20.45,110,5
21,york,20.45,20.96,110,6
22,artificial,1.09,1.6,111,0
22,intelligence,1.6,2.23,111,1
22,is,2.23,2.36,111,2
22,for,2.36,2.51,111,3
22,real,2.51,2.89,111,4
22,the,4.53,4.65,112,0
22,emperor,4.65,5.03,112,1
22,had,5.03,5.2,112,2
22,a,5.2,5.23,112,3
22,mean,5.23,5.49,112,4
22,temper,5.49,5.9,112,5
22,lots,7.87,8.12,113,0
22,of,8.12,8.21,113,1
22,foreign,8.21,8.49,113,2
22,movies,8.49,8.82,113,3
22,have,8.82,8.97,113,4
22,subtitles,8.97,9.68,113,5
22,angora,11.84,12.23,114,0
22,cats,12.23,12.62,114,1
22,are,12.62,12.71,114,2
22,furrier,12.71,13.12,114,3
22,than,13.12,13.28,114,4
22,siamese,13.28,13.99,114,5
22,he,15.76,15.92,115,0
22,ate,15.92,16.07,115,1
22,four,16.07,16.35,115,2
22,extra,16.35,16.66,115,3
22,eggs,16.66,16.87,115,4
22,for,16.87,16.98,115,5
22,breakfast,16.98,17.61,115,6
23,we,1.3,1.4,116,0
23,plan,1.4,1.71,116,1
23,to,1.71,1.78,116,2
23,build,1.78,2.03,116,3
23,a,2.03,2.06,116,4
23,new,2.06,2.23,116,5
23,beverage,2.23,2.67,116,6
23,plant,2.67,2.93,116,7
23,publicity,5.24,5.78,117,0
23,and,5.78,5.88,117,1
23,notoriety,5.88,6.49,117,2
23,go,6.49,6.66,117,3
23,hand,6.66,6.96,117,4
23,in,6.96,7.02,117,5
23,hand,7.02,7.45,117,6
23,pizzerias,9.42,9.97,118,0
23,are,9.97,10.06,118,1
23,convenient,10.06,10.59,118,2
23,for,10.59,10.69,118,3
23,a,10.69,10.73,118,4
23,quick,10.73,11.0,118,5
23,lunch,11.0,11.48,118,6
23,december,13.79,14.21,119,0
23,and,14.21,14.35,119,1
23,january,14.35,14.84,119,2
23,are,14.84,14.87,119,3
23,nice,14.87,15.15,119,4
23,months,15.15,15.4,119,5
23,to,15.4,15.54,119,6
23,spend,15.54,15.87,119,7
23,in,15.87,15.94,119,8
23,miami,15.94,16.42,119,9
23,technical,19.15,19.57,120,0
23,writers,19.57,19.93,120,1
23,can,19.93,20.07,120,2
23,abbreviate,20.07,20.54,120,3
23,in,20.54,20.63,120,4
23,bibliographies,20.63,21.5,120,5
24,scientific,0.9,1.5,121,0
24,progress,1.5,1.92,121,1
24,comes,1.92,2.18,121,2
24,from,2.18,2.33,121,3
24,the,2.33,2.38,121,4
24,development,2.38,2.91,121,5
24,of,2.91,2.97,121,6
24,new,2.97,3.15,121,7
24,techniques,3.15,3.93,121,8
24,the,6.91,6.97,122,0
24,clumsy,6.97,7.33,122,1
24,customer,7.33,7.81,122,2
24,spilled,7.81,8.12,122,3
24,some,8.12,8.24,122,4
24,expensive,8.24,8.71,122,5
24,perfume,8.71,9.17,122,6
24,the,12.06,12.12,123,0
24,bungalow,12.12,12.56,123,1
24,was,12.56,12.7,123,2
24,pleasantly,12.7,13.08,123,3
24,situated,13.08,13.63,123,4
24,near,13.63,13.77,123,5
24,the,13.77,13.83,123,6
24,shore,13.83,14.23,123,7
24,agricultural,17.01,17.66,124,0
24,products,17.66,18.09,124,1
24,are,18.09,18.17,124,2
24,unevenly,18.17,18.63,124,3
24,distributed,18.63,19.29,124,4
24,pledge,21.81,22.04,125,0
24,to,22.04,22.15,125,1
24,participate,22.15,22.78,125,2
24,in,22.78,22.84,125,3
24,nevada's,22.84,23.28,125,4
24,aquatic,23.28,23.67,125,5
24,competition,23.67,24.35,125,6
25,which,0.0,1.18,126,0
25,long,1.18,1.38,126,1
25,article,1.38,1.73,126,2
25,was,1.73,1.87,126,3
25,opaque,1.87,2.28,126,4
25,and,2.28,2.37,126,5
25,needed,2.37,2.55,126,6
25,clarification,2.55,3.29,126,7
25,the,6.09,6.15,127,0
25,sound,6.15,6.44,127,1
25,of,6.44,6.52,127,2
25,jennifer's,6.52,6.94,127,3
25,bugle,6.94,7.35,127,4
25,scared,7.35,7.67,127,5
25,the,7.67,7.75,127,6
25,antelope,7.75,8.19,127,7
25,the,10.97,11.06,128,0
25,willowy,11.06,11.53,128,1
25,man,11.53,11.75,128,2
25,wore,11.75,11.94,128,3
25,a,11.94,11.98,128,4
25,muskrat,11.98,12.53,128,5
25,coat,12.53,12.84,128,6
25,too,14.93,15.05,129,0
25,much,15.05,15.28,129,1
25,curiosity,15.28,15.87,129,2
25,can,15.87,16.05,129,3
25,get,16.05,16.16,129,4
25,you,16.16,16.29,129,5
25,into,16.29,16.45,129,6
25,trouble,16.45,16.89,129,7
25,cyclical,19.13,19.61,130,0
25,programs,19.61,20.13,130,1
25,will,20.13,20.22,130,2
25,never,20.22,20.45,130,3
25,compile,20.45,21.06,130,4
26,correct,1.18,1.51,131,0
26,execution,1.51,2.09,131,1
26,of,2.09,2.18,131,2
26,my,2.18,2.31,131,3
26,instructions,2.31,2.98,131,4
26,is,2.98,3.09,131,5
26,crucial,3.09,3.55,131,6
26,most,5.82,6.14,132,0
26,precincts,6.14,6.56,132,1
26,had,6.56,6.66,132,2
26,a,6.66,6.72,132,3
26,third,6.72,6.99,132,4
26,of,6.99,7.1,132,5
26,the,7.1,7.15,132,6
26,votes,7.15,7.4,132,7
26,counted,7.4,7.82,132,8
26,while,7.85,10.64,133,0
26,waiting,10.64,10.92,133,1
26,for,10.92,11.02,133,2
26,chipper,11.02,11.46,133,3
26,she,11.46,11.61,133,4
26,crisscrossed,11.61,12.16,133,5
26,the,12.16,12.21,133,6
26,square,12.21,12.52,133,7
26,many,12.52,12.73,133,8
26,times,12.73,13.28,133,9
26,vietnamese,16.64,17.15,134,0
26,cuisine,17.15,17.53,134,1
26,is,17.53,17.68,134,2
26,exquisite,17.68,18.27,134,3
26,the,20.35,20.43,135,0
26,previous,20.43,20.89,135,1
26,speaker,20.89,21.27,135,2
26,presented,21.27,21.64,135,3
26,ambiguous,21.64,22.21,135,4
26,results,22.21,22.83,135,5
27,mosquitoes,0.75,1.27,136,0
27,exist,1.27,1.63,136,1
27,in,1.63,1.76,136,2
27,warm,1.76,1.96,136,3
27,humid,1.96,2.24,136,4
27,climates,2.24,2.99,136,5
27,scholastic,4.92,5.54,137,0
27,aptitude,5.54,6.05,137,1
27,is,6.05,6.14,137,2
27,judged,6.14,6.5,137,3
27,by,6.5,6.62,137,4
27,standardized,6.62,7.23,137,5
27,tests,7.23,7.86,137,6
27,orange,9.7,10.04,138,0
27,juice,10.04,10.34,138,1
27,tastes,10.34,10.61,138,2
27,funny,10.61,10.93,138,3
27,after,10.93,11.16,138,4
27,toothpaste,11.16,11.85,138,5
27,the,14.09,14.17,139,0
27,water,14.17,14.48,139,1
27,contained,14.48,14.95,139,2
27,too,14.95,15.08,139,3
27,much,15.08,15.33,139,4
27,chlorine,15.33,15.85,139,5
27,and,15.85,16.01,139,6
27,stung,16.01,16.27,139,7
27,his,16.27,16.39,139,8
27,eyes,16.39,16.87,139,9
27,our,19.47,19.59,140,0
27,experiment's,19.59,20.19,140,1
27,positive,20.19,20.63,140,2
27,outcome,20.63,21.04,140,3
27,was,21.04,21.17,140,4
27,unexpected,21.17,21.81,140,5
28,remove,0.65,1.0,141,0
28,the,1.0,1.08,141,1
28,splinters,1.08,1.47,141,2
28,with,1.47,1.63,141,3
28,a,1.63,1.66,141,4
28,pair,1.66,1.87,141,5
28,of,1.87,2.0,141,6
28,tweezers,2.0,2.58,141,7
28,the,5.14,5.2,142,0
28,drunkard,5.2,5.58,142,1
28,is,5.58,5.7,142,2
28,a,5.7,5.76,142,3
28,social,5.76,6.13,142,4
28,outcast,6.13,6.78,142,5
28,the,8.8,8.86,143,0
28,government,8.86,9.35,143,1
28,sought,9.35,9.56,143,2
28,authorization,9.56,10.25,143,3
28,of,10.25,10.36,143,4
28,his,10.36,10.44,143,5
28,citizenship,10.47,11.16,143,6
28,as,14.0,14.18,144,0
28,coauthors,14.18,14.78,144,1
28,we,14.78,14.86,144,2
28,presented,14.86,15.28,144,3
28,our,15.28,15.37,144,4
28,new,15.37,15.52,144,5
28,book,15.52,15.8,144,6
28,to,15.8,15.9,144,7
28,the,15.9,16.03,144,8
28,haughty,16.03,16.3,144,9
28,audience,16.3,16.92,144,10
28,as,20.16,20.29,145,0
28,a,20.29,20.34,145,1
28,precaution,20.34,20.95,145,2
28,the,20.95,21.02,145,3
28,outlaws,21.02,21.39,145,4
28,bought,21.39,21.66,145,5
28,gunpowder,21.66,22.19,145,6
28,for,22.19,22.3,145,7
28,their,22.3,22.44,145,8
28,stronghold,22.44,23.19,145,9
29,her,3.06,3.16,146,0
29,auburn,3.16,3.49,146,1
29,hair,3.49,3.72,146,2
29,reminded,3.72,4.15,146,3
29,him,4.15,4.34,146,4
29,of,4.34,4.44,146,5
29,autumn,4.44,4.78,146,6
29,leaves,4.78,5.32,146,7
29,they,7.59,7.69,147,0
29,remained,7.69,8.08,147,1
29,lifelong,8.08,8.52,147,2
29,friends,8.52,8.89,147,3
29,and,8.89,8.99,147,4
29,companions,8.99,9.76,147,5
29,curiosity,11.9,12.63,148,0
29,and,12.63,12.76,148,1
29,mediocrity,12.76,13.41,148,2
29,seldom,13.41,13.93,148,3
29,coexist,13.93,14.43,148,4
29,biologists,16.35,16.92,149,0
29,use,16.92,17.07,149,1
29,radioactive,17.07,17.63,149,2
29,isotopes,17.63,18.29,149,3
29,to,18.29,18.37,149,4
29,study,18.37,18.66,149,5
29,microorganisms,18.66,19.86,149,6
29,employee,22.02,22.43,150,0
29,layoffs,22.43,22.9,150,1
29,coincided,22.9,23.49,150,2
29,with,23.49,23.63,150,3
29,the,23.63,23.69,150,4
29,company's,23.69,24.18,150,5
29,reorganization,24.18,25.02,150,6
30,who,1.16,1.24,151,0
30,took,1.24,1.47,151,1
30,the,1.47,1.53,151,2
30,kayak,1.53,1.94,151,3
30,down,1.94,2.14,151,4
30,the,2.14,2.2,151,5
30,bayou,2.2,2.62,151,6
30,how,4.88,4.97,152,0
30,would,4.97,5.12,152,1
30,you,5.12,5.23,152,2
30,evaluate,5.23,5.72,152,3
30,this,5.72,5.85,152,4
30,algebraic,5.85,6.34,152,5
30,expression,6.34,6.89,152,6
30,the,9.41,9.47,153,0
30,mayan,9.47,9.92,153,1
30,neoclassic,9.92,10.43,153,2
30,scholar,10.43,10.81,153,3
30,disappeared,10.81,11.48,153,4
30,while,11.48,11.6,153,5
30,surveying,11.6,12.08,153,6
30,ancient,12.08,12.42,153,7
30,ruins,12.42,12.99,153,8
30,the,15.86,15.91,154,0
30,diagnosis,15.91,16.61,154,1
30,was,16.61,16.71,154,2
30,discouraging,16.71,17.55,154,3
30,however,17.78,18.15,154,4
30,he,18.15,18.26,154,5
30,was,18.26,18.42,154,6
30,not,18.42,18.62,154,7
30,overly,18.62,18.98,154,8
30,worried,18.98,19.42,154,9
30,the,22.06,22.12,155,0
30,triumphant,22.12,22.61,155,1
30,warrior,22.61,23.0,155,2
30,exhibited,23.0,23.49,155,3
30,naive,23.49,24.0,155,4
30,heroism,24.0,24.59,155,5
31,whoever,0.0,1.51,156,0
31,cooperates,1.51,2.13,156,1
31,in,2.13,2.26,156,2
31,finding,2.26,2.65,156,3
31,nan's,2.65,2.96,156,4
31,cameo,2.96,3.37,156,5
31,will,3.37,3.5,156,6
31,be,3.5,3.71,156,7
31,rewarded,3.71,4.53,156,8
31,severe,6.98,7.32,157,0
31,myopia,7.32,7.87,157,1
31,contributed,7.87,8.44,157,2
31,to,8.44,8.53,157,3
31,ron's,8.53,8.85,157,4
31,inferiority,8.85,9.52,157,5
31,complex,9.52,10.19,157,6
31,buying,12.1,12.37,158,0
31,a,12.37,12.42,158,1
31,thoroughbred,12.42,12.86,158,2
31,horse,12.86,13.18,158,3
31,requires,13.18,13.57,158,4
31,intuition,13.57,14.08,158,5
31,and,14.08,14.18,158,6
31,experience,14.18,14.52,158,7
31,does,14.52,14.93,159,0
31,creole,17.72,18.01,159,1
31,cooking,18.01,18.33,159,2
31,use,18.33,18.51,159,3
31,curry,18.51,18.92,159,4
31,she,20.92,21.08,160,0
31,encouraged,21.08,21.53,160,1
31,her,21.53,21.59,160,2
31,children,21.59,22.01,160,3
31,to,22.01,22.1,160,4
31,make,22.1,22.28,160,5
31,their,22.28,22.42,160,6
31,own,22.42,22.59,160,7
31,halloween,22.59,22.93,160,8
31,costumes,22.93,23.56,160,9
32,we,0.96,1.04,161,0
32,could,1.04,1.21,161,1
32,barely,1.21,1.49,161,2
32,see,1.49,1.69,161,3
32,the,1.69,1.78,161,4
32,fjords,1.78,2.28,161,5
32,through,2.28,2.39,161,6
32,the,2.39,2.47,161,7
32,snow,2.47,2.74,161,8
32,flurries,2.74,3.26,161,9
32,almost,6.23,6.55,162,0
32,all,6.55,6.67,162,1
32,colleges,6.67,7.12,162,2
32,are,7.12,7.15,162,3
32,now,7.15,7.44,162,4
32,coeducational,7.44,8.28,162,5
32,rich,10.62,10.93,163,0
32,looked,10.93,11.11,163,1
32,for,11.11,11.25,163,2
32,spotted,11.25,11.63,163,3
32,hyenas,11.63,12.05,163,4
32,and,12.05,12.21,163,5
32,jaguars,12.21,12.68,163,6
32,on,12.68,12.79,163,7
32,the,12.79,12.84,163,8
32,safari,12.84,13.42,163,9
32,thick,16.5,16.78,164,0
32,glue,16.78,17.22,164,1
32,oozed,17.22,17.47,164,2
32,out,17.47,17.56,164,3
32,of,17.56,17.68,164,4
32,the,17.68,17.75,164,5
32,tube,17.75,18.19,164,6
32,why,18.26,20.09,165,0
32,else,20.09,20.29,165,1
32,would,20.29,20.39,165,2
32,danny,20.39,20.65,165,3
32,allow,20.65,20.93,165,4
32,others,20.93,21.12,165,5
32,to,21.12,21.24,165,6
32,go,21.24,21.51,165,7
33,the,1.31,1.37,166,0
33,cat's,1.37,1.76,166,1
33,meow,1.76,2.07,166,2
33,always,2.07,2.33,166,3
33,hurts,2.33,2.58,166,4
33,e,2.58,2.6,166,5
33,my,2.6,2.72,166,6
33,ears,2.72,3.2,166,7
33,did,5.21,5.36,167,0
33,you,5.36,5.45,167,1
33,buy,5.45,5.7,167,2
33,any,5.7,5.86,167,3
33,corduroy,5.86,6.32,167,4
33,overalls,6.32,6.9,167,5
33,would,8.41,8.53,168,0
33,a,8.53,8.56,168,1
33,tomboy,8.56,9.01,168,2
33,often,9.01,9.27,168,3
33,play,9.27,9.44,168,4
33,outdoors,9.44,10.0,168,5
33,they,12.12,12.2,169,0
33,often,12.2,12.48,169,1
33,go,12.48,12.61,169,2
33,out,12.61,12.82,169,3
33,in,12.82,12.93,169,4
33,the,12.93,13.02,169,5
33,evening,13.02,13.43,169,6
33,who,15.89,16.0,170,0
33,authorized,16.0,16.54,170,1
33,the,16.54,16.6,170,2
33,unlimited,16.6,17.01,170,3
33,expense,17.01,17.39,170,4
33,account,17.39,17.73,170,5
34,destroy,0.79,1.19,171,0
34,every,1.19,1.43,171,1
34,file,1.43,1.82,171,2
34,related,1.82,2.18,171,3
34,to,2.18,2.26,171,4
34,my,2.26,2.39,171,5
34,audits,2.39,2.89,171,6
34,serve,5.0,5.33,172,0
34,the,5.33,5.38,172,1
34,coleslaw,5.38,5.99,172,2
34,after,5.99,6.2,172,3
34,i,6.2,6.29,172,4
34,add,6.29,6.47,172,5
34,the,6.47,6.57,172,6
34,oil,6.57,6.92,172,7
34,withdraw,8.95,9.37,173,0
34,all,9.37,9.52,173,1
34,phony,9.52,9.85,173,2
34,accusations,9.85,10.55,173,3
34,at,10.55,10.65,173,4
34,once,10.65,11.16,173,5
34,straw,12.91,13.24,174,0
34,hats,13.24,13.57,174,1
34,are,13.57,13.61,174,2
34,out,13.61,13.77,174,3
34,of,13.77,13.87,174,4
34,fashion,13.87,14.26,174,5
34,this,14.26,14.41,174,6
34,year,14.41,14.62,174,7
34,why,14.65,17.38,175,0
34,buy,17.38,17.57,175,1
34,oil,17.57,17.93,175,2
34,when,17.93,18.08,175,3
34,you,18.08,18.17,175,4
34,always,18.26,18.52,175,5
34,use,18.52,18.65,175,6
34,mine,18.65,19.01,175,7
35,they,0.65,0.77,176,0
35,enjoy,0.77,1.14,176,1
35,it,1.14,1.22,176,2
35,when,1.22,1.34,176,3
35,i,1.34,1.5,176,4
35,audition,1.5,1.95,176,5
35,would,3.99,4.14,177,0
35,you,4.14,4.25,177,1
35,allow,4.25,4.55,177,2
35,acts,4.55,4.74,177,3
35,of,4.74,4.81,177,4
35,violence,4.81,5.46,177,5
35,how,7.4,7.71,178,0
35,do,7.71,7.85,178,1
35,oysters,7.85,8.17,178,2
35,make,8.17,8.39,178,3
35,pearls,8.39,8.91,178,4
35,draw,10.72,10.98,179,0
35,each,10.98,11.13,179,1
35,graph,11.13,11.51,179,2
35,on,11.51,11.59,179,3
35,a,11.59,11.64,179,4
35,new,11.64,11.81,179,5
35,axis,11.81,12.45,179,6
35,norwegian,13.89,14.32,180,0
35,sweaters,14.32,14.74,180,1
35,are,14.74,14.81,180,2
35,made,14.81,14.98,180,3
35,of,14.98,15.08,180,4
35,lamb's,15.08,15.42,180,5
35,wool,15.42,15.67,180,6
36,young,0.78,1.08,181,0
36,children,1.08,1.5,181,1
36,should,1.5,1.64,181,2
36,avoid,1.64,1.86,181,3
36,exposure,1.86,2.39,181,4
36,to,2.39,2.5,181,5
36,tae,2.5,2.55,181,6
36,contagious,2.55,2.96,181,7
36,diseases,2.96,3.63,181,8
36,ralph,6.22,6.53,182,0
36,controlled,6.53,6.84,182,1
36,the,6.84,6.91,182,2
36,stopwatch,6.91,7.46,182,3
36,from,7.46,7.62,182,4
36,the,7.62,7.68,182,5
36,bleachers,7.68,8.26,182,6
36,approach,11.14,11.57,183,0
36,your,11.57,11.66,183,1
36,interview,11.66,12.05,183,2
36,with,12.05,12.17,183,3
36,statuesque,12.17,12.8,183,4
36,composure,12.8,13.39,183,5
36,how,13.42,16.08,184,0
36,much,16.08,16.28,184,1
36,allowance,16.28,16.73,184,2
36,do,16.73,16.81,184,3
36,you,16.81,16.92,184,4
36,get,16.92,17.19,184,5
36,the,19.43,19.55,185,0
36,causeway,19.55,20.03,185,1
36,ended,20.03,20.27,185,2
36,abruptly,20.27,20.74,185,3
36,at,20.74,20.87,185,4
36,the,20.87,20.93,185,5
36,shore,20.93,21.34,185,6
37,even,0.76,1.04,186,0
37,i,1.04,1.17,186,1
37,occasionally,1.17,1.72,186,2
37,get,1.72,1.89,186,3
37,the,1.89,1.95,186,4
37,monday,1.95,2.26,186,5
37,blues,2.26,2.77,186,6
37,military,4.93,5.4,187,0
37,personnel,5.4,5.9,187,1
37,are,5.9,6.01,187,2
37,expected,6.01,6.49,187,3
37,to,6.49,6.55,187,4
37,obey,6.55,6.76,187,5
37,government,6.76,7.21,187,6
37,orders,7.21,7.95,187,7
37,when,10.33,10.49,188,0
37,peeling,10.49,10.82,188,1
37,an,10.82,10.89,188,2
37,orange,10.89,11.3,188,3
37,it,11.3,11.45,188,4
37,is,11.45,11.51,188,5
37,hard,11.51,11.68,188,6
37,not,11.68,11.86,188,7
37,to,11.86,11.92,188,8
37,spray,11.92,12.18,188,9
37,juice,12.18,12.69,188,10
37,do,15.79,15.87,189,0
37,you,15.87,15.95,189,1
37,hear,15.95,16.14,189,2
37,the,16.14,16.22,189,3
37,sleigh,16.22,16.46,189,4
37,bells,16.46,16.71,189,5
37,ringing,16.71,17.05,189,6
37,rob,20.09,20.43,190,0
37,sat,20.43,20.64,190,1
37,by,20.64,20.74,190,2
37,the,20.74,20.83,190,3
37,pond,20.83,21.23,190,4
37,and,21.23,21.37,190,5
37,sketched,21.37,21.77,190,6
37,the,21.77,21.84,190,7
37,stray,21.84,22.06,190,8
37,geese,22.06,22.58,190,9
38,michael,2.17,2.49,191,0
38,colored,2.49,2.8,191,1
38,the,2.8,2.86,191,2
38,bedroom,2.86,3.21,191,3
38,wall,3.21,3.42,191,4
38,with,3.42,3.56,191,5
38,crayons,3.56,4.2,191,6
38,only,6.84,7.07,192,0
38,the,7.07,7.16,192,1
38,best,7.16,7.44,192,2
38,players,7.44,7.79,192,3
38,enjoy,7.79,8.07,192,4
38,popularity,8.07,8.77,192,5
38,i,10.83,10.9,193,0
38,gave,10.9,11.15,193,1
38,them,11.15,11.28,193,2
38,several,11.28,11.59,193,3
38,choices,11.59,12.09,193,4
38,and,12.09,12.16,193,5
38,let,12.16,12.32,193,6
38,them,12.32,12.46,193,7
38,set,12.46,12.67,193,8
38,the,12.67,12.74,193,9
38,priorities,12.74,13.45,193,10
38,the,16.41,16.48,194,0
38,news,16.48,16.72,194,1
38,agency,16.72,17.2,194,2
38,hired,17.2,17.48,194,3
38,a,17.48,17.52,194,4
38,great,17.52,17.8,194,5
38,journalist,17.8,18.44,194,6
38,the,20.64,20.7,195,0
38,morning,20.7,21.02,195,1
38,dew,21.02,21.26,195,2
38,on,21.26,21.37,195,3
38,the,21.37,21.43,195,4
38,spider,21.43,21.75,195,5
38,web,21.75,21.98,195,6
38,glistened,21.98,22.33,195,7
38,in,22.33,22.43,195,8
38,the,22.43,22.5,195,9
38,sun,22.5,22.92,195,10
39,the,1.39,1.46,196,0
39,sermon,1.46,1.79,196,1
39,emphasized,1.79,2.36,196,2
39,the,2.36,2.43,196,3
39,need,2.43,2.69,196,4
39,for,2.69,2.81,196,5
39,affirmative,2.81,3.21,196,6
39,action,3.21,3.66,196,7
39,the,6.44,6.49,197,0
39,small,6.49,6.75,197,1
39,boy,6.75,6.97,197,2
39,put,6.97,7.16,197,3
39,the,7.16,7.24,197,4
39,worm,7.24,7.61,197,5
39,on,7.64,7.98,197,6
39,the,7.98,8.12,197,7
39,hook,8.12,8.39,197,8
39,how,10.55,10.65,198,0
39,permanent,10.65,11.06,198,1
39,are,11.06,11.15,198,2
39,their,11.15,11.31,198,3
39,records,11.31,11.9,198,4
39,try,14.14,14.33,199,0
39,to,14.33,14.38,199,1
39,recall,14.38,14.74,199,2
39,the,14.74,14.83,199,3
39,events,14.83,15.22,199,4
39,in,15.22,15.33,199,5
39,chronological,15.33,15.93,199,6
39,order,15.93,16.24,199,7
39,the,18.8,18.87,200,0
39,most,18.87,19.13,200,1
39,recent,19.13,19.49,200,2
39,geological,19.49,20.0,200,3
39,survey,20.0,20.35,200,4
39,found,20.35,20.65,200,5
39,seismic,20.65,21.04,200,6
39,activity,21.04,21.6,200,7
40,cory,0.94,1.23,201,0
40,attacked,1.23,1.57,201,1
40,the,1.57,1.63,201,2
40,project,1.63,2.1,201,3
40,with,2.1,2.23,201,4
40,extra,2.23,2.54,201,5
40,determination,2.54,3.27,201,6
40,you,5.72,5.85,202,0
40,always,5.85,6.08,202,1
40,had,6.08,6.13,202,2
40,come,6.13,6.23,202,3
40,up,6.23,6.43,202,4
40,with,6.43,6.57,202,5
40,pathological,6.57,7.28,202,6
40,examples,7.28,7.97,202,7
40,put,10.26,10.43,203,0
40,the,10.43,10.5,203,1
40,butcher,10.5,10.76,203,2
40,block,10.76,10.99,203,3
40,table,10.99,11.33,203,4
40,in,11.33,11.43,203,5
40,the,11.43,11.49,203,6
40,garage,11.49,12.04,203,7
40,how,14.12,14.75,204,0
40,good,14.75,14.92,204,1
40,is,14.92,15.06,204,2
40,your,15.06,15.17,204,3
40,endurance,15.17,15.8,204,4
40,keep,17.86,18.07,205,0
40,the,18.07,18.16,205,1
40,thermometer,18.16,18.69,205,2
40,under,18.69,18.89,205,3
40,your,18.89,19.04,205,4
40,tongue,19.04,19.38,205,5
41,steph,0.71,1.09,206,0
41,could,1.09,1.21,206,1
41,barely,1.21,1.5,206,2
41,handle,1.5,1.77,206,3
41,the,1.77,1.87,206,4
41,psychological,1.87,2.52,206,5
41,trauma,2.52,2.97,206,6
41,it's,5.49,5.71,207,0
41,healthier,5.71,6.01,207,1
41,to,6.01,6.08,207,2
41,cook,6.08,6.32,207,3
41,without,6.32,6.63,207,4
41,sugar,6.63,6.97,207,5
41,the,9.35,9.43,208,0
41,viewpoint,9.43,9.85,208,1
41,overlooked,9.85,10.26,208,2
41,the,10.26,10.38,208,3
41,ocean,10.38,10.79,208,4
41,are,13.27,13.37,209,0
41,you,13.37,13.51,209,1
41,looking,13.51,14.06,209,2
41,for,14.18,14.24,209,3
41,employment,14.24,15.21,209,4
41,his,16.93,17.13,210,0
41,failure,17.13,17.48,210,1
41,to,17.48,17.57,210,2
41,open,17.57,17.82,210,3
41,the,17.82,17.89,210,4
41,store,17.89,18.21,210,5
41,by,18.21,18.35,210,6
41,eight,18.35,18.68,210,7
41,cost,18.68,18.96,210,8
41,him,18.96,19.02,210,9
41,his,19.02,19.16,210,10
41,job,19.16,19.56,210,11
42,highway,0.64,0.93,211,0
42,and,0.93,1.09,211,1
42,freeway,1.09,1.39,211,2
42,mean,1.39,1.56,211,3
42,the,1.56,1.61,211,4
42,same,1.61,1.89,211,5
42,thing,1.89,2.23,211,6
42,the,4.69,4.75,212,0
42,paper,4.75,5.06,212,1
42,boy,5.06,5.27,212,2
42,bought,5.27,5.55,212,3
42,two,5.55,5.67,212,4
42,apples,5.67,6.09,212,5
42,and,6.09,6.25,212,6
42,three,6.25,6.46,212,7
42,ices,6.46,7.02,212,8
42,i,9.18,9.28,213,0
42,itemize,9.28,9.74,213,1
42,all,9.74,9.86,213,2
42,accounts,9.86,10.28,213,3
42,in,10.28,10.34,213,4
42,my,10.34,10.47,213,5
42,agency,10.47,10.96,213,6
42,clear,13.12,13.36,214,0
42,pronunciation,13.36,14.04,214,1
42,is,14.04,14.15,214,2
42,appreciated,14.15,14.8,214,3
42,the,16.7,16.77,215,0
42,courier,16.77,17.21,215,1
42,was,17.21,17.4,215,2
42,a,17.4,17.44,215,3
42,dwarf,17.44,17.83,215,4
43,a,0.65,0.76,216,0
43,doctor,0.76,1.15,216,1
43,was,1.15,1.27,216,2
43,in,1.27,1.36,216,3
43,the,1.36,1.44,216,4
43,ambulance,1.44,1.87,216,5
43,with,1.87,1.96,216,6
43,the,1.96,2.02,216,7
43,patient,2.02,2.49,216,8
43,puree,5.32,5.6,217,0
43,some,5.6,5.82,217,1
43,fruit,5.82,6.1,217,2
43,before,6.1,6.35,217,3
43,preparing,6.35,6.79,217,4
43,the,6.79,6.85,217,5
43,skewers,6.85,7.4,217,6
43,it's,9.93,10.08,218,0
43,not,10.08,10.25,218,1
43,easy,10.25,10.59,218,2
43,to,10.59,10.64,218,3
43,create,10.64,10.89,218,4
43,illuminating,10.89,11.38,218,5
43,examples,11.38,12.05,218,6
43,the,14.44,14.58,219,0
43,hallway,14.58,14.85,219,1
43,opens,14.85,15.21,219,2
43,onto,15.21,15.41,219,3
43,a,15.41,15.49,219,4
43,huge,15.49,15.87,219,5
43,chamber,15.87,16.27,219,6
43,they,18.44,18.54,220,0
43,all,18.54,18.67,220,1
43,agree,18.67,18.97,220,2
43,that,18.97,19.12,220,3
43,the,19.12,19.26,220,4
43,essay,19.26,19.57,220,5
43,is,19.57,19.69,220,6
43,barely,19.69,20.05,220,7
43,intelligible,20.05,20.74,220,8
44,how,0.63,0.78,221,0
44,ancient,0.78,1.11,221,1
44,is,1.11,1.26,221,2
44,this,1.26,1.38,221,3
44,subway,1.38,1.69,221,4
44,escalator,1.69,2.24,221,5
44,the,4.38,4.44,222,0
44,cigarettes,4.44,4.96,222,1
44,in,4.96,5.06,222,2
44,the,5.06,5.11,222,3
44,clay,5.11,5.46,222,4
44,ashtray,5.46,5.9,222,5
44,overflowed,5.9,6.44,222,6
44,onto,6.44,6.6,222,7
44,the,6.6,6.76,222,8
44,oak,6.76,6.92,222,9
44,table,6.92,7.32,222,10
44,reading,10.42,10.75,223,0
44,in,10.75,10.9,223,1
44,poor,10.9,11.13,223,2
44,light,11.13,11.45,223,3
44,gives,11.45,11.64,223,4
44,you,11.64,11.72,223,5
44,eyestrain,11.72,12.24,223,6
44,i,14.64,14.7,224,0
44,ate,14.7,14.9,224,1
44,every,14.9,15.14,224,2
44,oyster,15.14,15.52,224,3
44,on,15.52,15.67,224,4
44,nora's,15.67,15.95,224,5
44,plate,15.95,16.26,224,6
44,the,18.53,18.59,225,0
44,boston,18.59,19.01,225,1
44,ballet,19.01,19.37,225,2
44,overcame,19.37,19.84,225,3
44,their,19.84,19.94,225,4
44,funding,19.94,20.29,225,5
44,shortage,20.29,20.82,225,6
45,the,0.68,0.76,226,0
45,gorgeous,0.76,1.13,226,1
45,butterfly,1.13,1.69,226,2
45,ate,1.69,1.89,226,3
45,a,1.89,1.94,226,4
45,lot,1.94,2.12,226,5
45,of,2.12,2.21,226,6
45,nectar,2.21,2.64,226,7
45,by,4.89,5.04,227,0
45,eating,5.04,5.3,227,1
45,yogurt,5.3,5.73,227,2
45,you,5.73,5.79,227,3
45,may,5.79,5.93,227,4
45,live,5.93,6.14,227,5
45,longer,6.14,6.51,227,6
45,do,8.81,8.9,228,0
45,they,8.9,9.02,228,1
45,allow,9.02,9.34,228,2
45,atheists,9.34,9.81,228,3
45,in,9.81,9.92,228,4
45,church,9.92,10.39,228,5
45,my,12.6,12.8,229,0
45,ideal,12.8,13.05,229,1
45,morning,13.05,13.44,229,2
45,begins,13.44,13.73,229,3
45,with,13.73,13.85,229,4
45,hot,13.85,14.1,229,5
45,coffee,14.1,14.53,229,6
45,the,16.73,16.9,230,0
45,irate,16.9,17.34,230,1
45,actor,17.34,17.72,230,2
45,stomped,17.72,18.09,230,3
45,away,18.09,18.36,230,4
45,idiotically,18.36,19.0,230,5
46,we,0.76,0.86,231,0
46,are,0.86,1.02,231,1
46,open,1.02,1.31,231,2
46,every,1.31,1.51,231,3
46,monday,1.51,1.78,231,4
46,evening,1.78,2.2,231,5
46,the,4.28,4.39,232,0
46,essay,4.39,4.65,232,1
46,undeniably,4.65,5.28,232,2
46,reflects,5.28,5.69,232,3
46,our,5.69,5.8,232,4
46,view,5.8,6.02,232,5
46,ably,6.02,6.47,232,6
46,remember,8.63,8.96,233,0
46,to,8.96,9.11,233,1
46,allow,9.11,9.36,233,2
46,identical,9.36,9.83,233,3
46,twins,9.83,10.2,233,4
46,to,10.2,10.31,233,5
46,enter,10.31,10.49,233,6
46,freely,10.49,10.92,233,7
46,do,13.39,13.46,234,0
46,you,13.46,13.52,234,1
46,have,13.52,13.69,234,2
46,the,13.69,13.75,234,3
46,yellow,13.75,14.08,234,4
46,ointment,14.12,14.43,234,5
46,ready,14.43,14.72,234,6
46,can,17.4,17.54,235,0
46,the,17.54,17.66,235,1
46,agency,17.66,18.08,235,2
46,overthrow,18.08,18.53,235,3
46,alien,18.53,18.86,235,4
46,forces,18.86,19.49,235,5
47,how,0.79,0.92,236,0
47,oily,0.92,1.24,236,1
47,do,1.24,1.35,236,2
47,you,1.35,1.43,236,3
47,like,1.43,1.65,236,4
47,your,1.65,1.73,236,5
47,salad,1.73,2.08,236,6
47,dressing,2.08,2.52,236,7
47,we,4.99,5.07,237,0
47,saw,5.07,5.28,237,1
47,eight,5.28,5.54,237,2
47,tiny,5.54,5.8,237,3
47,icicles,5.8,6.23,237,4
47,below,6.23,6.5,237,5
47,our,6.5,6.63,237,6
47,roof,6.63,7.01,237,7
47,the,9.08,9.14,238,0
47,saw,9.14,9.43,238,1
47,is,9.43,9.51,238,2
47,broken,9.51,10.01,238,3
47,so,10.01,10.11,238,4
47,chop,10.11,10.37,238,5
47,the,10.37,10.45,238,6
47,wood,10.45,10.6,238,7
47,instead,10.6,11.17,238,8
47,withdraw,13.41,13.88,239,0
47,only,13.88,14.1,239,1
47,as,14.1,14.22,239,2
47,much,14.22,14.44,239,3
47,money,14.44,14.72,239,4
47,as,14.72,14.84,239,5
47,you,14.84,14.9,239,6
47,need,14.9,15.3,239,7
47,draw,17.59,17.84,240,0
47,every,17.84,18.13,240,1
47,outer,18.13,18.36,240,2
47,line,18.36,18.58,240,3
47,first,18.58,19.19,240,4
47,then,19.19,19.36,240,5
47,fill,19.36,19.61,240,6
47,in,19.61,19.73,240,7
47,the,19.73,19.81,240,8
47,interior,19.81,20.41,240,9
48,the,0.63,0.69,241,0
48,jaw,0.69,0.88,241,1
48,operates,0.88,1.45,241,2
48,by,1.45,1.56,241,3
48,using,1.56,1.93,241,4
48,antagonistic,1.93,2.6,241,5
48,muscles,2.6,3.15,241,6
48,do,5.12,5.25,242,0
48,atypical,5.25,5.73,242,1
48,farmers,5.73,6.08,242,2
48,grow,6.08,6.31,242,3
48,oats,6.31,6.81,242,4
48,are,8.51,8.65,243,0
48,holiday,8.65,9.02,243,1
48,aprons,9.02,9.43,243,2
48,available,9.43,9.82,243,3
48,to,9.82,9.97,243,4
48,us,9.97,10.3,243,5
48,be,12.17,12.24,244,0
48,careful,12.24,12.55,244,1
48,not,12.55,12.7,244,2
48,to,12.7,12.76,244,3
48,plow,12.76,13.04,244,4
48,over,13.04,13.26,244,5
48,the,13.26,13.33,244,6
48,flower,13.33,13.64,244,7
48,beds,13.64,14.12,244,8
48,allow,16.5,16.82,245,0
48,each,16.82,16.99,245,1
48,child,16.99,17.31,245,2
48,to,17.31,17.37,245,3
48,have,17.37,17.46,245,4
48,an,17.46,17.53,245,5
48,ice,17.53,17.71,245,6
48,pop,17.71,17.99,245,7
49,the,1.37,1.5,246,0
49,angry,1.5,1.74,246,1
49,boy,1.74,1.96,246,2
49,answered,1.96,2.43,246,3
49,but,2.43,2.55,246,4
49,didn't,2.55,2.78,246,5
49,look,2.78,2.95,246,6
49,up,2.95,3.19,246,7
49,cliff,5.6,5.86,247,0
49,was,5.86,6.01,247,1
49,soothed,6.01,6.38,247,2
49,by,6.38,6.47,247,3
49,the,6.47,6.53,247,4
49,luxurious,6.53,7.13,247,5
49,massage,7.13,7.81,247,6
49,steve,9.87,10.25,248,0
49,wore,10.25,10.39,248,1
49,a,10.39,10.44,248,2
49,bright,10.44,10.78,248,3
49,red,10.78,11.0,248,4
49,cashmere,11.0,11.39,248,5
49,sweater,11.39,11.78,248,6
49,john's,14.2,14.51,249,0
49,brother,14.51,14.85,249,1
49,repainted,14.85,15.31,249,2
49,the,15.31,15.37,249,3
49,garage,15.37,15.72,249,4
49,door,15.72,16.0,249,5
49,the,18.31,18.39,250,0
49,rose,18.39,18.68,250,1
49,corsage,18.68,19.2,250,2
49,smelled,19.2,19.57,250,3
49,sweet,19.57,19.93,250,4
50,to,0.79,0.89,251,0
50,further,0.89,1.22,251,1
50,his,1.22,1.35,251,2
50,prestige,1.35,2.0,251,3
50,he,2.0,2.07,251,4
50,occasionally,2.07,2.57,251,5
50,reads,2.57,2.89,251,6
50,the,2.89,2.95,251,7
50,wall,2.95,3.11,251,8
50,street,3.11,3.37,251,9
50,journal,3.37,3.69,251,10
50,alice's,7.22,7.66,252,0
50,ability,7.66,8.06,252,1
50,to,8.06,8.18,252,2
50,work,8.18,8.37,252,3
50,without,8.37,8.64,252,4
50,supervision,8.64,9.18,252,5
50,is,9.18,9.31,252,6
50,noteworthy,9.31,9.84,252,7
50,the,12.6,12.76,253,0
50,oasis,12.76,13.21,253,1
50,was,13.21,13.35,253,2
50,a,13.35,13.39,253,3
50,mirage,13.39,14.02,253,4
50,cory,15.61,15.88,254,0
50,and,15.88,16.02,254,1
50,trish,16.02,16.35,254,2
50,played,16.35,16.59,254,3
50,tag,16.59,16.82,254,4
50,with,16.82,16.96,254,5
50,beach,16.96,17.19,254,6
50,balls,17.19,17.44,254,7
50,for,17.44,17.55,254,8
50,hours,17.55,18.02,254,9
50,the,20.46,20.53,255,0
50,tooth,20.53,20.76,255,1
50,fairy,20.76,21.06,255,2
50,forgot,21.06,21.35,255,3
50,to,21.35,21.41,255,4
50,come,21.41,21.6,255,5
50,out,21.6,21.79,255,6
50,when,21.79,21.95,255,7
50,roger's,21.95,22.26,255,8
50,tooth,22.26,22.5,255,9
50,fell,22.5,22.68,255,10
50,out,22.68,22.94,255,11
51,planned,0.9,1.18,256,0
51,parenthood,1.18,1.62,256,1
51,organizations,1.62,2.41,256,2
51,promote,2.41,2.74,256,3
51,birth,2.74,2.98,256,4
51,control,2.98,3.4,256,5
51,rich,6.62,6.91,257,0
51,purchased,6.91,7.36,257,1
51,several,7.36,7.68,257,2
51,signed,7.68,8.01,257,3
51,lithographs,8.01,8.77,257,4
51,in,10.73,10.86,258,0
51,every,10.86,11.08,258,1
51,major,11.08,11.38,258,2
51,cloverleaf,11.38,12.08,258,3
51,traffic,12.08,12.45,258,4
51,sometimes,12.45,12.88,258,5
51,gets,12.88,13.08,258,6
51,backed,13.08,13.44,258,7
51,up,13.44,13.68,258,8
51,in,16.05,16.12,259,0
51,the,16.12,16.2,259,1
51,long,16.2,16.47,259,2
51,run,16.47,16.66,259,3
51,it,16.66,16.78,259,4
51,pays,16.78,17.03,259,5
51,to,17.03,17.11,259,6
51,buy,17.11,17.26,259,7
51,quality,17.26,17.68,259,8
51,clothing,17.68,18.22,259,9
51,brush,20.8,21.04,260,0
51,fires,21.04,21.4,260,1
51,are,21.4,21.49,260,2
51,common,21.49,21.87,260,3
51,in,21.87,21.95,260,4
51,the,21.95,22.0,260,5
51,dry,22.0,22.25,260,6
51,underbrush,22.25,22.76,260,7
51,of,22.76,22.84,260,8
51,nevada,22.84,23.32,260,9
52,weatherproof,0.68,1.16,261,0
52,galoshes,1.16,1.66,261,1
52,are,1.66,1.75,261,2
52,very,1.75,1.98,261,3
52,useful,1.98,2.33,261,4
52,in,2.33,2.44,261,5
52,seattle,2.44,2.88,261,6
52,this,5.6,5.79,262,0
52,brochure,5.79,6.26,262,1
52,is,6.26,6.35,262,2
52,particularly,6.35,7.12,262,3
52,informative,7.12,7.81,262,4
52,for,7.81,7.91,262,5
52,a,7.91,7.96,262,6
52,prospective,7.96,8.97,262,7
52,buyer,8.97,9.37,262,8
52,the,11.71,11.8,263,0
52,avalanche,11.8,12.27,263,1
52,triggered,12.27,12.66,263,2
52,a,12.66,12.69,263,3
52,minor,12.69,13.03,263,4
52,earthquake,13.03,13.54,263,5
52,these,16.13,16.31,264,0
52,exclusive,16.31,16.79,264,1
52,documents,16.79,17.39,264,2
52,must,17.39,17.56,264,3
52,be,17.56,17.63,264,4
52,locked,17.63,17.91,264,5
52,up,17.91,18.06,264,6
52,at,18.06,18.13,264,7
52,all,18.13,18.28,264,8
52,times,18.28,18.82,264,9
52,please,21.28,21.51,265,0
52,take,21.51,21.74,265,1
52,this,21.74,21.85,265,2
52,dirty,21.85,22.1,265,3
52,table,22.1,22.4,265,4
52,cloth,22.4,22.74,265,5
52,to,22.74,22.82,265,6
52,the,22.82,22.9,265,7
52,cleaners,22.9,23.26,265,8
52,for,23.26,23.43,265,9
52,me,23.43,23.64,265,10
53,should,0.95,1.16,266,0
53,giraffes,1.16,1.52,266,1
53,be,1.52,1.66,266,2
53,kept,1.66,1.97,266,3
53,in,1.97,2.07,266,4
53,small,2.07,2.32,266,5
53,zoos,2.32,2.79,266,6
53,if,4.9,5.04,267,0
53,carol,5.04,5.29,267,1
53,comes,5.29,5.56,267,2
53,tomorrow,5.56,6.08,267,3
53,have,6.18,6.32,267,4
53,her,6.32,6.48,267,5
53,arrange,6.48,6.71,267,6
53,a,6.71,6.75,267,7
53,meeting,6.75,7.02,267,8
53,at,7.02,7.16,267,9
53,two,7.16,7.42,267,10
53,the,10.72,10.78,268,0
53,two,10.78,10.99,268,1
53,artists,10.99,11.36,268,2
53,exchanged,11.36,11.82,268,3
53,autographs,11.82,12.53,268,4
53,i'd,14.66,14.77,269,0
53,rather,14.77,14.98,269,1
53,not,14.98,15.2,269,2
53,buy,15.2,15.37,269,3
53,these,15.37,15.6,269,4
53,shoes,15.6,15.93,269,5
53,than,15.93,16.04,269,6
53,be,16.04,16.16,269,7
53,overcharged,16.16,16.88,269,8
53,shaving,19.48,19.89,270,0
53,cream,19.89,20.13,270,1
53,is,20.13,20.21,270,2
53,a,20.21,20.26,270,3
53,popular,20.26,20.7,270,4
53,item,20.7,20.9,270,5
53,on,20.9,21.01,270,6
53,halloween,21.01,21.51,270,7
54,amoebas,0.9,1.31,271,0
54,change,1.31,1.61,271,1
54,shape,1.61,1.86,271,2
54,constantly,1.86,2.52,271,3
54,tofu,4.32,4.65,272,0
54,is,4.65,4.77,272,1
54,made,4.77,5.02,272,2
54,from,5.02,5.15,272,3
54,processed,5.15,5.65,272,4
54,soybeans,5.65,6.24,272,5
54,the,8.28,8.35,273,0
54,bluejay,8.35,8.7,273,1
54,flew,8.7,8.99,273,2
54,over,8.99,9.17,273,3
54,the,9.17,9.3,273,4
54,high,9.3,9.44,273,5
54,building,9.44,9.88,273,6
54,cheap,12.34,12.56,274,0
54,stockings,12.56,13.11,274,1
54,run,13.11,13.25,274,2
54,the,13.25,13.3,274,3
54,first,13.3,13.58,274,4
54,time,13.58,13.81,274,5
54,they're,13.81,13.91,274,6
54,worn,13.91,14.28,274,7
54,cottage,17.0,17.41,275,0
54,cheese,17.41,17.73,275,1
54,with,17.73,17.86,275,2
54,chives,17.86,18.24,275,3
54,is,18.24,18.35,275,4
54,delicious,18.35,19.02,275,5
55,a,0.79,1.18,276,0
55,chosen,1.25,1.62,276,1
55,few,1.62,1.85,276,2
55,will,1.85,1.96,276,3
55,become,1.96,2.32,276,4
55,generals,2.32,2.95,276,5
55,the,4.19,4.25,277,0
55,meeting,4.25,4.56,277,1
55,is,4.56,4.66,277,2
55,now,4.66,4.89,277,3
55,adjourned,4.89,5.39,277,4
55,shipbuilding,7.31,7.88,278,0
55,is,7.88,7.98,278,1
55,a,7.98,8.02,278,2
55,most,8.02,8.28,278,3
55,fascinating,8.28,8.81,278,4
55,process,8.81,9.42,278,5
55,the,11.81,11.88,279,0
55,proof,11.88,12.21,279,1
55,that,12.21,12.3,279,2
55,you,12.3,12.4,279,3
55,are,12.4,12.49,279,4
55,seeking,12.49,12.88,279,5
55,is,12.88,12.98,279,6
55,not,12.98,13.17,279,7
55,available,13.17,13.68,279,8
55,in,13.68,13.8,279,9
55,books,13.8,14.25,279,10
55,the,17.27,17.4,280,0
55,hood,17.4,17.51,280,1
55,of,17.51,17.61,280,2
55,the,17.61,17.67,280,3
55,jeep,17.67,17.99,280,4
55,was,17.99,18.15,280,5
55,steaming,18.15,18.54,280,6
55,in,18.54,18.64,280,7
55,the,18.64,18.73,280,8
55,hot,18.73,18.97,280,9
55,sun,18.97,19.33,280,10
56,my,0.7,0.9,281,0
56,desires,0.9,1.34,281,1
56,are,1.34,1.43,281,2
56,simple,1.43,1.96,281,3
56,give,2.15,2.3,281,4
56,me,2.3,2.43,281,5
56,one,2.43,2.65,281,6
56,informative,2.65,3.16,281,7
56,paragraph,3.16,3.64,281,8
56,on,3.64,3.73,281,9
56,the,3.73,3.79,281,10
56,subject,3.79,4.35,281,11
56,those,7.22,7.3,282,0
56,answers,7.3,7.66,282,1
56,will,7.66,7.77,282,2
56,be,7.77,7.9,282,3
56,straightforward,7.9,8.52,282,4
56,if,8.52,8.64,282,5
56,you,8.64,8.73,282,6
56,think,8.73,9.11,282,7
56,through,9.11,9.29,282,8
56,them,9.29,9.32,282,9
56,carefully,9.32,9.72,282,10
56,first,9.72,10.23,282,11
56,drop,14.51,14.77,283,0
56,five,14.77,15.04,283,1
56,forms,15.04,15.32,283,2
56,in,15.32,15.39,283,3
56,the,15.39,15.45,283,4
56,box,15.45,15.76,283,5
56,before,15.76,16.0,283,6
56,you,16.0,16.1,283,7
56,go,16.1,16.23,283,8
56,out,16.23,16.54,283,9
56,if,19.03,19.17,284,0
56,people,19.17,19.41,284,1
56,were,19.41,19.5,284,2
56,more,19.5,19.67,284,3
56,generous,19.67,20.3,284,4
56,there,20.3,20.39,284,5
56,would,20.39,20.48,284,6
56,be,20.48,20.58,284,7
56,no,20.58,20.71,284,8
56,need,20.71,20.94,284,9
56,for,20.94,21.03,284,10
56,welfare,21.03,21.53,284,11
56,bob,24.93,25.16,285,0
56,found,25.16,25.37,285,1
56,more,25.37,25.51,285,2
56,clams,25.51,25.92,285,3
56,at,25.92,26.0,285,4
56,the,26.0,26.12,285,5
56,ocean's,26.12,26.42,285,6
56,edge,26.42,26.82,285,7
57,that,1.06,1.25,286,0
57,dog,1.25,1.52,286,1
57,chases,1.52,1.82,286,2
57,cats,1.82,2.16,286,3
57,mercilessly,2.16,2.89,286,4
57,the,4.7,4.78,287,0
57,cranberry,4.78,5.39,287,1
57,bog,5.39,5.78,287,2
57,gets,5.78,5.97,287,3
57,very,5.97,6.14,287,4
57,pretty,6.14,6.43,287,5
57,in,6.43,6.56,287,6
57,autumn,6.56,6.89,287,7
57,a,9.23,9.33,288,0
57,big,9.33,9.8,288,1
57,goat,10.24,10.56,288,2
57,idly,10.59,10.94,288,3
57,ambled,10.94,11.26,288,4
57,through,11.26,11.36,288,5
57,the,11.36,11.44,288,6
57,farmyard,11.44,12.01,288,7
57,the,13.54,13.62,289,0
57,nearest,13.62,13.94,289,1
57,synagogue,13.94,14.36,289,2
57,may,14.36,14.48,289,3
57,not,14.48,14.68,289,4
57,be,14.68,14.77,289,5
57,within,14.77,14.98,289,6
57,walking,14.98,15.29,289,7
57,distance,15.29,15.86,289,8
57,the,19.02,19.09,290,0
57,groundhog,19.09,19.59,290,1
57,clearly,19.59,19.9,290,2
57,saw,19.9,20.13,290,3
57,his,20.13,20.21,290,4
57,shadow,20.21,20.71,290,5
57,but,20.74,20.86,290,6
57,stayed,20.86,21.09,290,7
57,out,21.09,21.23,290,8
57,only,21.23,21.42,290,9
57,a,21.42,21.48,290,10
57,moment,21.48,21.87,290,11
58,a,0.92,0.98,291,0
58,leather,0.98,1.22,291,1
58,handbag,1.22,1.64,291,2
58,would,1.64,1.75,291,3
58,be,1.75,1.84,291,4
58,a,1.84,1.89,291,5
58,suitable,1.89,2.21,291,6
58,gift,2.21,2.66,291,7
58,the,5.07,5.14,292,0
58,fog,5.14,5.41,292,1
58,prevented,5.41,5.77,292,2
58,them,5.77,5.93,292,3
58,from,5.93,6.09,292,4
58,arriving,6.09,6.45,292,5
58,on,6.45,6.58,292,6
58,time,6.58,6.94,292,7
58,the,9.7,9.78,293,0
58,local,9.78,10.03,293,1
58,drugstore,10.03,10.52,293,2
58,was,10.52,10.67,293,3
58,charged,10.67,11.01,293,4
58,with,11.01,11.12,293,5
58,illegally,11.12,11.5,293,6
58,d,11.5,11.54,293,7
58,dispensing,11.54,12.02,293,8
58,tranquilizers,12.02,12.89,293,9
58,the,16.16,16.23,294,0
58,full,16.23,16.44,294,1
58,moon,16.44,16.76,294,2
58,shone,16.76,16.99,294,3
58,brightly,16.99,17.33,294,4
58,that,17.33,17.54,294,5
58,night,17.54,17.74,294,6
58,steve,20.22,20.54,295,0
58,collects,20.54,20.84,295,1
58,rare,20.84,21.1,295,2
58,and,21.1,21.19,295,3
58,novel,21.19,21.44,295,4
58,coins,21.44,22.03,295,5
59,all,1.01,1.07,296,0
59,al,1.07,1.2,296,1
59,received,1.2,1.55,296,2
59,a,1.55,1.59,296,3
59,joint,1.59,1.82,296,4
59,appointment,1.82,2.37,296,5
59,in,2.37,2.48,296,6
59,the,2.48,2.53,296,7
59,biology,2.53,3.17,296,8
59,and,3.17,3.34,296,9
59,the,3.34,3.39,296,10
59,engineering,3.39,3.83,296,11
59,departments,3.83,4.52,296,12
59,gregory,8.09,8.46,297,0
59,and,8.46,8.57,297,1
59,tom,8.57,8.94,297,2
59,chose,8.94,9.17,297,3
59,to,9.17,9.25,297,4
59,watch,9.25,9.49,297,5
59,cartoons,9.49,10.0,297,6
59,in,10.0,10.06,297,7
59,the,10.06,10.12,297,8
59,afternoon,10.12,10.67,297,9
59,chip,13.54,13.75,298,0
59,postponed,13.75,14.18,298,1
59,alimony,14.18,14.59,298,2
59,payments,14.59,15.02,298,3
59,until,15.02,15.17,298,4
59,the,15.17,15.29,298,5
59,latest,15.29,15.68,298,6
59,possible,15.68,16.05,298,7
59,date,16.05,16.35,298,8
59,count,19.21,19.47,299,0
59,the,19.47,19.52,299,1
59,number,19.52,19.79,299,2
59,of,19.79,19.9,299,3
59,teaspoons,19.9,20.33,299,4
59,of,20.33,20.41,299,5
59,soysauce,20.41,20.9,299,6
59,that,20.9,21.0,299,7
59,you,21.0,21.09,299,8
59,add,21.09,21.35,299,9
59,the,24.92,25.0,300,0
59,big,25.0,25.22,300,1
59,dog,25.22,25.48,300,2
59,loved,25.48,25.7,300,3
59,to,25.7,25.77,300,4
59,chew,25.77,26.0,300,5
59,on,26.0,26.14,300,6
59,the,26.14,26.22,300,7
59,old,26.22,26.39,300,8
59,rag,26.39,26.62,300,9
59,doll,26.62,26.92,300,10
60,todd,1.14,1.41,301,0
60,placed,1.41,1.64,301,1
60,top,1.64,1.9,301,2
60,priority,1.9,2.36,301,3
60,on,2.36,2.48,301,4
60,getting,2.48,2.7,301,5
60,his,2.7,2.8,301,6
60,bike,2.8,3.07,301,7
60,fixed,3.07,3.57,301,8
60,an,6.21,6.3,302,0
60,adult,6.3,6.59,302,1
60,male,6.59,6.78,302,2
60,baboon's,6.78,7.28,302,3
60,teeth,7.28,7.59,302,4
60,are,7.59,7.62,302,5
60,not,7.62,7.93,302,6
60,suitable,7.93,8.33,302,7
60,for,8.33,8.47,302,8
60,eating,8.47,8.65,302,9
60,shellfish,8.65,9.28,302,10
60,often,12.11,12.43,303,0
60,you'll,12.43,12.52,303,1
60,get,12.52,12.71,303,2
60,back,12.71,12.95,303,3
60,more,12.95,13.25,303,4
60,than,13.25,13.37,303,5
60,you,13.37,13.45,303,6
60,put,13.45,13.63,303,7
60,in,13.63,13.87,303,8
60,gus,17.04,17.24,304,0
60,saw,17.24,17.46,304,1
60,pine,17.46,17.78,304,2
60,trees,17.78,18.02,304,3
60,and,18.02,18.13,304,4
60,redwoods,18.13,18.51,304,5
60,on,18.51,18.65,304,6
60,his,18.65,18.74,304,7
60,walk,18.74,19.0,304,8
60,through,19.0,19.11,304,9
60,sequoia,19.11,19.5,304,10
60,national,19.5,19.89,304,11
60,forest,19.89,20.45,304,12
60,bob,23.43,23.69,305,0
60,bandaged,23.69,24.1,305,1
60,both,24.1,24.35,305,2
60,wounds,24.35,24.66,305,3
60,with,24.66,24.76,305,4
60,the,24.76,24.82,305,5
60,skill,24.82,25.09,305,6
60,of,25.09,25.19,305,7
60,a,25.19,25.23,305,8
60,doctor,25.23,25.69,305,9
61,the,1.07,1.12,306,0
61,dark,1.12,1.44,306,1
61,murky,1.44,1.73,306,2
61,lagoon,1.73,2.18,306,3
61,wound,2.18,2.48,306,4
61,around,2.48,2.94,306,5
61,for,3.13,3.29,306,6
61,miles,3.29,3.88,306,7
61,did,5.41,5.61,307,0
61,shawn,5.61,5.81,307,1
61,catch,5.81,6.04,307,2
61,that,6.04,6.2,307,3
61,big,6.2,6.38,307,4
61,goose,6.38,6.67,307,5
61,without,6.67,6.82,307,6
61,help,6.82,7.16,307,7
61,ducks,9.68,9.94,308,0
61,have,9.94,10.07,308,1
61,webbed,10.07,10.31,308,2
61,feet,10.31,10.63,308,3
61,and,10.63,10.76,308,4
61,colorful,10.76,11.12,308,5
61,feathers,11.12,11.65,308,6
61,the,14.2,14.31,309,0
61,high,14.31,14.44,309,1
61,security,14.44,14.9,309,2
61,prison,14.9,15.39,309,3
61,was,15.39,15.54,309,4
61,surrounded,15.54,16.06,309,5
61,by,16.06,16.13,309,6
61,barbed,16.13,16.3,309,7
61,wire,16.3,16.7,309,8
61,take,19.67,19.91,310,0
61,charge,19.91,20.17,310,1
61,of,20.17,20.27,310,2
61,choosing,20.27,20.59,310,3
61,her,20.59,20.67,310,4
61,bride's,20.67,20.97,310,5
61,maids,20.97,21.19,310,6
61,gowns,21.19,21.7,310,7
62,the,1.39,1.45,311,0
62,frightened,1.45,1.76,311,1
62,child,1.76,2.11,311,2
62,was,2.11,2.21,311,3
62,sun,2.21,2.26,311,4
62,gently,2.26,2.56,311,5
62,subdued,2.56,3.03,311,6
62,by,3.03,3.14,311,7
62,his,3.14,3.26,311,8
62,big,3.26,3.48,311,9
62,brother,3.48,3.7,311,10
62,i,3.7,3.73,312,0
62,don't,3.73,3.82,312,1
62,know,3.82,3.86,312,2
62,i,6.85,6.97,312,3
62,know,6.97,7.13,312,4
62,i,7.13,7.21,312,5
62,didn't,7.21,7.47,312,6
62,meet,7.47,7.6,312,7
62,her,7.6,7.73,312,8
62,early,7.73,7.99,312,9
62,enough,7.99,8.4,312,10
62,the,11.21,11.28,313,0
62,barracuda,11.28,11.83,313,1
62,recoiled,11.83,12.41,313,2
62,from,12.41,12.56,313,3
62,the,12.56,12.62,313,4
62,serpent's,12.62,13.03,313,5
62,poisonous,13.03,13.5,313,6
62,fangs,13.5,14.1,313,7
62,the,16.34,16.41,314,0
62,patient,16.41,16.79,314,1
62,and,16.79,16.88,314,2
62,the,16.88,16.94,314,3
62,surgeon,16.94,17.35,314,4
62,are,17.35,17.41,314,5
62,both,17.41,17.63,314,6
62,recuperating,17.63,18.25,314,7
62,from,18.25,18.41,314,8
62,the,18.41,18.47,314,9
62,lengthy,18.47,18.8,314,10
62,operation,18.8,19.42,314,11
62,i'll,23.33,23.47,315,0
62,have,23.47,23.64,315,1
62,a,23.64,23.69,315,2
62,scoop,23.69,23.94,315,3
62,of,23.94,24.05,315,4
62,that,24.05,24.16,315,5
62,exotic,24.16,24.59,315,6
62,purple,24.59,24.91,315,7
62,and,24.91,25.06,315,8
62,turquoise,25.06,25.43,315,9
62,sherbet,25.43,25.85,315,10
63,the,0.64,0.7,316,0
63,preschooler,0.7,1.29,316,1
63,couldn't,1.29,1.53,316,2
63,verbalize,1.53,1.96,316,3
63,her,1.96,2.05,316,4
63,feelings,2.05,2.49,316,5
63,about,2.49,2.72,316,6
63,the,2.72,2.78,316,7
63,emergency,2.78,3.29,316,8
63,conditions,3.29,3.99,316,9
63,many,7.9,8.16,317,0
63,wealthy,8.16,8.44,317,1
63,tycoons,8.44,8.98,317,2
63,splurged,8.98,9.62,317,3
63,and,9.62,9.76,317,4
63,bought,9.76,9.95,317,5
63,both,9.95,10.1,317,6
63,a,10.1,10.14,317,7
63,yacht,10.14,10.56,317,8
63,and,10.56,10.76,317,9
63,a,10.76,10.81,317,10
63,schooner,10.81,11.29,317,11
63,the,14.19,14.26,318,0
63,new,14.26,14.42,318,1
63,suburbanites,14.42,15.09,318,2
63,worked,15.09,15.3,318,3
63,hard,15.3,15.57,318,4
63,on,15.57,15.66,318,5
63,refurbishing,15.66,16.22,318,6
63,their,16.22,16.36,318,7
63,older,16.36,16.59,318,8
63,home,16.59,16.96,318,9
63,according,20.19,20.56,319,0
63,to,20.56,20.65,319,1
63,my,20.65,20.79,319,2
63,interpretation,20.79,21.37,319,3
63,of,21.37,21.45,319,4
63,the,21.45,21.51,319,5
63,problem,21.51,22.05,319,6
63,two,22.16,22.34,319,7
63,lines,22.34,22.71,319,8
63,must,22.71,22.94,319,9
63,be,22.94,23.02,319,10
63,perpendicular,23.02,23.77,319,11
63,a,27.34,27.42,320,0
63,connoisseur,27.42,28.07,320,1
63,will,28.07,28.21,320,2
63,enjoy,28.21,28.5,320,3
63,this,28.5,28.66,320,4
63,self,28.66,28.92,320,5
63,shellfish,28.92,29.11,320,6
63,dish,29.11,29.49,320,7
64,a,0.43,0.52,321,0
64,lawyer,0.52,0.81,321,1
64,was,0.81,0.96,321,2
64,appointed,0.96,1.36,321,3
64,to,1.36,1.5,321,4
64,execute,1.5,1.89,321,5
64,her,1.89,1.98,321,6
64,will,1.98,2.3,321,7
64,dolphins,4.95,5.34,322,0
64,are,5.34,5.45,322,1
64,intelligent,5.45,5.94,322,2
64,marine,5.94,6.19,322,3
64,mammals,6.19,6.72,322,4
64,diane,9.07,9.4,323,0
64,may,9.4,9.52,323,1
64,splurge,9.52,10.01,323,2
64,and,10.01,10.11,323,3
64,buy,10.11,10.25,323,4
64,a,10.25,10.29,323,5
64,turquoise,10.29,10.73,323,6
64,necklace,10.73,11.32,323,7
64,the,13.61,13.67,324,0
64,moisture,13.67,14.05,324,1
64,in,14.05,14.13,324,2
64,my,14.13,14.28,324,3
64,eyes,14.28,14.59,324,4
64,is,14.59,14.7,324,5
64,from,14.7,14.92,324,6
64,eyedrops,14.92,15.4,324,7
64,not,15.43,15.65,324,8
64,from,15.65,15.78,324,9
64,tears,15.78,16.3,324,10
64,george,18.97,19.34,325,0
64,seldom,19.34,19.63,325,1
64,watches,19.63,19.99,325,2
64,daytime,19.99,20.38,325,3
64,movies,20.38,20.88,325,4
65,the,0.87,0.93,326,0
65,system,0.93,1.27,326,1
65,may,1.27,1.38,326,2
65,break,1.38,1.63,326,3
65,down,1.63,1.9,326,4
65,soon,1.9,2.26,326,5
65,so,2.26,2.4,326,6
65,save,2.4,2.6,326,7
65,your,2.6,2.7,326,8
65,files,2.7,3.02,326,9
65,frequently,3.02,3.56,326,10
65,i,6.51,6.61,327,0
65,assume,6.61,6.92,327,1
65,moisture,6.92,7.3,327,2
65,will,7.3,7.39,327,3
65,damage,7.39,7.8,327,4
65,this,7.8,7.91,327,5
65,ship's,7.91,8.23,327,6
65,hull,8.23,8.5,327,7
65,the,11.21,11.28,328,0
65,annoying,11.28,11.58,328,1
65,raccoons,11.58,12.13,328,2
65,slipped,12.13,12.43,328,3
65,into,12.43,12.57,328,4
65,phil's,12.57,12.85,328,5
65,garden,12.85,13.18,328,6
65,every,13.18,13.37,328,7
65,night,13.37,13.64,328,8
65,the,16.96,17.03,329,0
65,cow,17.03,17.29,329,1
65,wandered,17.29,17.71,329,2
65,from,17.71,17.83,329,3
65,the,17.83,17.9,329,4
65,farmland,17.9,18.42,329,5
65,and,18.42,18.53,329,6
65,became,18.53,18.85,329,7
65,lost,18.85,19.35,329,8
65,each,22.27,22.5,330,0
65,untimely,22.5,22.97,330,1
65,income,22.97,23.29,330,2
65,loss,23.29,23.6,330,3
65,coincided,23.6,24.22,330,4
65,with,24.22,24.37,330,5
65,the,24.37,24.43,330,6
65,breakdown,24.43,24.93,330,7
65,of,24.93,25.02,330,8
65,a,25.02,25.05,330,9
65,heating,25.05,25.39,330,10
65,system,25.39,25.76,330,11
65,part,25.76,26.07,330,12
66,the,0.63,0.69,331,0
66,gunman,0.69,1.08,331,1
66,kept,1.08,1.28,331,2
66,his,1.28,1.43,331,3
66,victim,1.43,1.76,331,4
66,cornered,1.76,2.15,331,5
66,at,2.15,2.24,331,6
66,gunpoint,2.24,2.66,331,7
66,for,2.66,2.79,331,8
66,three,2.79,3.05,331,9
66,hours,3.05,3.5,331,10
66,will,6.58,6.69,332,0
66,you,6.69,6.77,332,1
66,please,6.77,7.03,332,2
66,confirm,7.03,7.42,332,3
66,government,7.42,7.8,332,4
66,policy,7.8,8.21,332,5
66,regarding,8.21,8.61,332,6
66,waste,8.61,8.83,332,7
66,removal,8.83,9.23,332,8
66,the,13.14,13.2,333,0
66,surplus,13.2,13.65,333,1
66,shoes,13.65,13.99,333,2
66,were,13.99,14.08,333,3
66,sold,14.08,14.34,333,4
66,at,14.34,14.42,333,5
66,a,14.42,14.48,333,6
66,discount,14.48,14.89,333,7
66,price,14.89,15.36,333,8
66,lori's,17.6,17.92,334,0
66,costume,17.92,18.36,334,1
66,needed,18.36,18.6,334,2
66,black,18.6,18.86,334,3
66,gloves,18.86,19.18,334,4
66,to,19.18,19.25,334,5
66,be,19.25,19.37,334,6
66,completely,19.37,19.95,334,7
66,elegant,19.95,20.33,334,8
66,bob,23.06,23.31,335,0
66,papered,23.31,23.62,335,1
66,over,23.62,24.0,335,2
66,the,24.09,24.15,335,3
66,living,24.15,24.76,335,4
66,room,24.76,24.96,335,5
66,murals,24.96,25.51,335,6
67,that,0.79,0.93,336,0
67,noise,0.93,1.2,336,1
67,problem,1.2,1.58,336,2
67,grows,1.58,1.77,336,3
67,more,1.77,1.94,336,4
67,annoying,1.94,2.31,336,5
67,each,2.31,2.51,336,6
67,day,2.51,2.8,336,7
67,right,5.41,5.61,337,0
67,now,5.61,5.8,337,1
67,may,5.8,5.92,337,2
67,not,5.92,6.09,337,3
67,be,6.09,6.16,337,4
67,the,6.16,6.24,337,5
67,best,6.24,6.48,337,6
67,time,6.48,6.73,337,7
67,for,6.73,6.83,337,8
67,business,6.83,7.2,337,9
67,mergers,7.2,7.73,337,10
67,that,10.61,10.77,338,0
67,diagram,10.77,11.23,338,1
67,makes,11.23,11.47,338,2
67,sense,11.47,11.8,338,3
67,only,11.8,12.08,338,4
67,after,12.08,12.33,338,5
67,much,12.33,12.61,338,6
67,study,12.61,12.99,338,7
67,a,15.27,15.34,339,0
67,boring,15.34,15.67,339,1
67,novel,15.67,16.04,339,2
67,is,16.04,16.12,339,3
67,a,16.12,16.15,339,4
67,is,16.15,16.19,339,5
67,a,16.19,16.22,339,6
67,superb,16.22,16.68,339,7
67,sleeping,16.68,17.06,339,8
67,pill,17.06,17.34,339,9
67,john,19.47,19.71,340,0
67,cleans,19.71,19.97,340,1
67,shellfish,19.97,20.41,340,2
67,for,20.41,20.52,340,3
67,a,20.52,20.59,340,4
67,living,20.59,20.92,340,5
68,women,1.17,1.44,341,0
68,may,1.44,1.51,341,1
68,never,1.51,1.78,341,2
68,become,1.78,2.1,341,3
68,completely,2.1,2.56,341,4
68,equal,2.56,2.85,341,5
68,to,2.85,2.95,341,6
68,men,2.95,3.26,341,7
68,she,5.55,5.72,342,0
68,always,5.72,5.9,342,1
68,jokes,5.9,6.22,342,2
68,about,6.22,6.45,342,3
68,too,6.45,6.55,342,4
68,much,6.55,6.79,342,5
68,garlic,6.79,7.11,342,6
68,in,7.11,7.19,342,7
68,his,7.19,7.33,342,8
68,food,7.33,7.64,342,9
68,i,10.44,10.57,343,0
68,just,10.57,10.88,343,1
68,saw,10.88,11.04,343,2
68,jim,11.04,11.35,343,3
68,near,11.35,11.5,343,4
68,the,11.5,11.57,343,5
68,new,11.57,11.74,343,6
68,archeological,11.74,12.43,343,7
68,museum,12.43,12.94,343,8
68,pam,15.37,15.64,344,0
68,gives,15.64,15.83,344,1
68,driving,15.83,16.2,344,2
68,lessons,16.2,16.56,344,3
68,on,16.56,16.71,344,4
68,thursdays,16.71,17.36,344,5
68,why,17.51,19.66,345,0
68,charge,19.66,19.93,345,1
68,money,19.93,20.18,345,2
68,for,20.18,20.28,345,3
68,such,20.28,20.51,345,4
68,garbage,20.51,21.05,345,5
69,we,1.75,1.85,346,0
69,welcome,1.85,2.25,346,1
69,many,2.25,2.47,346,2
69,new,2.47,2.62,346,3
69,students,2.62,3.08,346,4
69,each,3.08,3.26,346,5
69,year,3.26,3.52,346,6
69,george,5.66,5.91,347,0
69,is,5.91,6.01,347,1
69,paranoid,6.01,6.5,347,2
69,about,6.5,6.69,347,3
69,a,6.69,6.73,347,4
69,future,6.73,7.03,347,5
69,gas,7.03,7.34,347,6
69,shortage,7.34,7.87,347,7
69,the,10.29,10.35,348,0
69,carpet,10.35,10.7,348,1
69,cleaners,10.7,11.12,348,2
69,shampooed,11.12,11.53,348,3
69,our,11.53,11.66,348,4
69,oriental,11.66,12.12,348,5
69,rug,12.12,12.42,348,6
69,please,15.1,15.32,349,0
69,shorten,15.32,15.63,349,1
69,this,15.63,15.77,349,2
69,skirt,15.77,16.07,349,3
69,for,16.07,16.16,349,4
69,joyce,16.16,16.64,349,5
69,his,18.93,19.11,350,0
69,shoulder,19.11,19.44,350,1
69,felt,19.44,19.77,350,2
69,as,19.77,19.88,350,3
69,if,19.88,20.0,350,4
69,it,20.0,20.08,350,5
69,were,20.08,20.18,350,6
69,broken,20.18,20.62,350,7
70,which,2.27,2.51,351,0
70,church,2.51,2.85,351,1
70,do,2.85,2.93,351,2
70,the,2.93,3.03,351,3
70,smiths,3.03,3.41,351,4
70,wor,3.41,3.48,351,5
70,worship,3.48,3.73,351,6
70,in,3.73,3.95,351,7
70,the,6.51,6.56,352,0
70,giant,6.56,6.9,352,1
70,redwoods,6.9,7.34,352,2
70,shimmered,7.34,7.68,352,3
70,in,7.68,7.77,352,4
70,the,7.77,7.82,352,5
70,glistening,7.82,8.24,352,6
70,sun,8.24,8.59,352,7
70,her,11.27,11.35,353,0
70,right,11.35,11.57,353,1
70,hand,11.57,11.86,353,2
70,aches,11.86,12.14,353,3
70,whenever,12.14,12.44,353,4
70,the,12.44,12.93,353,5
70,barometric,17.11,17.78,353,6
70,pressure,17.78,18.54,353,7
70,changes,18.54,18.81,353,8
70,they,19.15,19.2,354,0
70,own,19.2,19.36,354,1
70,a,19.36,19.65,354,2
70,big,19.65,19.98,354,3
70,house,19.98,20.09,354,4
70,in,20.09,20.15,354,5
70,the,20.15,20.25,354,6
70,remote,20.25,20.96,354,7
70,countryside,20.96,21.64,354,8
70,he,25.49,25.57,355,0
70,picked,28.24,28.38,355,1
70,up,28.38,28.57,355,2
70,nine,28.57,28.68,355,3
70,pairs,28.68,29.06,355,4
70,of,29.06,29.12,355,5
70,socks,29.28,29.51,355,6
70,for,29.63,29.69,355,7
70,each,29.69,29.77,355,8
70,brother,29.77,30.05,355,9
71,they,1.05,1.19,356,0
71,all,1.19,1.35,356,1
71,like,1.35,1.63,356,2
71,long,1.63,1.91,356,3
71,hot,1.91,2.23,356,4
71,showers,2.23,2.82,356,5
71,a,4.13,4.18,357,0
71,young,4.18,4.44,357,1
71,mouse,4.44,4.73,357,2
71,scampered,4.73,5.13,357,3
71,across,5.13,5.45,357,4
71,the,5.45,5.51,357,5
71,field,5.51,5.89,357,6
71,and,5.89,6.0,357,7
71,disappeared,6.0,6.61,357,8
71,she,9.57,9.74,358,0
71,uses,9.74,10.12,358,1
71,both,10.12,10.37,358,2
71,names,10.37,10.73,358,3
71,interchangeably,10.73,11.44,358,4
71,calcium,13.43,13.85,359,0
71,makes,13.85,14.06,359,1
71,bones,14.06,14.47,359,2
71,and,14.47,14.61,359,3
71,teeth,14.61,14.87,359,4
71,stronger,14.87,15.41,359,5
71,the,17.44,17.5,360,0
71,fish,17.5,17.72,360,1
71,began,17.72,18.01,360,2
71,to,18.01,18.1,360,3
71,leap,18.1,18.37,360,4
71,frantically,18.37,18.88,360,5
71,on,18.88,19.01,360,6
71,the,19.01,19.06,360,7
71,surface,19.06,19.45,360,8
71,of,19.45,19.56,360,9
71,the,19.56,19.62,360,10
71,small,19.62,19.93,360,11
71,lake,19.93,20.32,360,12
72,tim,0.93,1.19,361,0
72,takes,1.19,1.46,361,1
72,sheila,1.46,1.75,361,2
72,to,1.75,1.84,361,3
72,see,1.84,2.01,361,4
72,movies,2.01,2.38,361,5
72,twice,2.38,2.65,361,6
72,a,2.65,2.7,361,7
72,week,2.7,3.01,361,8
72,they,5.66,5.78,362,0
72,assume,5.78,6.16,362,1
72,no,6.16,6.33,362,2
72,burglar,6.33,6.76,362,3
72,will,6.76,6.89,362,4
72,ever,6.89,7.11,362,5
72,enter,7.11,7.34,362,6
72,there,7.34,7.62,362,7
72,just,10.1,10.33,363,0
72,drop,10.33,10.54,363,1
72,notices,10.54,11.06,363,2
72,in,11.06,11.15,363,3
72,any,11.15,11.33,363,4
72,suggestion,11.33,11.87,363,5
72,box,11.87,12.33,363,6
72,the,13.87,13.93,364,0
72,taxicab,13.93,14.46,364,1
72,broke,14.46,14.66,364,2
72,down,14.66,14.96,364,3
72,and,14.96,15.06,364,4
72,caused,15.06,15.34,364,5
72,a,15.34,15.38,364,6
72,traffic,15.38,15.77,364,7
72,jam,15.77,16.09,364,8
72,we'll,18.54,18.66,365,0
72,serve,18.66,18.93,365,1
72,rhubarb,18.93,19.27,365,2
72,pie,19.27,19.5,365,3
72,after,19.5,19.74,365,4
72,rachel's,19.74,20.08,365,5
72,talk,20.08,20.42,365,6
73,her,0.96,1.01,366,0
73,wardrobe,1.01,1.42,366,1
73,consists,1.42,1.94,366,2
73,of,1.94,2.0,366,3
73,only,2.0,2.19,366,4
73,skirts,2.19,2.56,366,5
73,and,2.56,2.67,366,6
73,blouses,2.67,3.25,366,7
73,barb,5.48,5.82,367,0
73,burned,5.82,6.1,367,1
73,paper,6.1,6.48,367,2
73,and,6.48,6.61,367,3
73,leaves,6.61,6.91,367,4
73,in,6.91,6.98,367,5
73,a,6.98,7.01,367,6
73,big,7.01,7.25,367,7
73,bonfire,7.25,7.85,367,8
73,of,10.12,10.26,368,0
73,course,10.26,10.5,368,1
73,you,10.5,10.56,368,2
73,can,10.56,10.69,368,3
73,have,10.69,10.84,368,4
73,another,10.84,11.01,368,5
73,tunafish,11.01,11.47,368,6
73,sandwich,11.47,12.03,368,7
73,there,14.99,15.08,369,0
73,was,15.08,15.21,369,1
73,a,15.21,15.24,369,2
73,gigantic,15.24,15.76,369,3
73,wasp,15.76,16.2,369,4
73,next,16.2,16.41,369,5
73,to,16.41,16.49,369,6
73,irving's,16.49,16.83,369,7
73,big,16.83,17.03,369,8
73,top,17.03,17.3,369,9
73,hat,17.3,17.53,369,10
73,laugh,20.85,21.34,370,0
73,dance,21.34,21.71,370,1
73,and,21.71,21.86,370,2
73,sing,21.86,22.22,370,3
73,if,22.22,22.31,370,4
73,fortune,22.31,22.66,370,5
73,smiles,22.66,23.03,370,6
73,upon,23.03,23.34,370,7
73,you,23.34,23.53,370,8
74,i'll,0.76,0.88,371,0
74,ride,0.88,1.13,371,1
74,the,1.13,1.19,371,2
74,subway,1.19,1.69,371,3
74,but,1.69,1.84,371,4
74,i,1.84,1.93,371,5
74,haven't,1.93,2.2,371,6
74,enough,2.2,2.45,371,7
74,change,2.45,2.98,371,8
74,eating,5.53,5.79,372,0
74,spinach,5.79,6.19,372,1
74,nightly,6.19,6.55,372,2
74,increases,6.55,7.08,372,3
74,strength,7.08,7.47,372,4
74,miraculously,7.47,8.36,372,5
74,butterscotch,10.84,11.38,373,0
74,fudge,11.38,11.78,373,1
74,goes,11.78,11.98,373,2
74,well,11.98,12.15,373,3
74,with,12.15,12.26,373,4
74,vanilla,12.26,12.53,373,5
74,ice,12.53,12.73,373,6
74,cream,12.73,13.02,373,7
74,daphne's,16.08,16.57,374,0
74,swedish,16.57,16.9,374,1
74,needlepoint,16.9,17.36,374,2
74,scarf,17.36,17.76,374,3
74,matched,17.76,18.08,374,4
74,her,18.08,18.17,374,5
74,skirt,18.17,18.57,374,6
74,irish,20.93,21.32,375,0
74,youngsters,21.32,21.82,375,1
74,eat,21.82,21.94,375,2
74,fresh,21.94,22.21,375,3
74,kippers,22.21,22.55,375,4
74,for,22.55,22.66,375,5
74,breakfast,22.66,23.2,375,6
75,move,0.64,0.85,376,0
75,the,0.85,0.91,376,1
75,garbage,0.91,1.29,376,2
75,nearer,1.29,1.55,376,3
75,to,1.55,1.64,376,4
75,the,1.64,1.73,376,5
75,large,1.73,2.02,376,6
75,window,2.02,2.39,376,7
75,a,5.06,5.1,377,0
75,huge,5.1,5.42,377,1
75,power,5.42,5.65,377,2
75,outage,5.65,6.06,377,3
75,rarely,6.06,6.31,377,4
75,occurs,6.31,6.85,377,5
75,valley,8.98,9.32,378,0
75,lodge,9.32,9.74,378,1
75,yearly,9.74,10.0,378,2
75,celebrates,10.0,10.55,378,3
75,the,10.55,10.6,378,4
75,first,10.6,10.85,378,5
75,calf,10.85,11.12,378,6
75,born,11.12,11.45,378,7
75,iris,13.76,14.1,379,0
75,thinks,14.1,14.37,379,1
75,this,14.37,14.49,379,2
75,zoo,14.49,14.79,379,3
75,has,14.79,14.89,379,4
75,eleven,14.89,15.26,379,5
75,spanish,15.26,15.68,379,6
75,zebras,15.68,16.2,379,7
75,those,18.55,18.76,380,0
75,who,18.76,18.82,380,1
75,teach,18.82,19.08,380,2
75,values,19.08,19.5,380,3
75,first,19.5,19.86,380,4
75,abolish,19.86,20.27,380,5
75,cheating,20.27,20.7,380,6
76,once,0.61,0.85,381,0
76,you,0.85,0.91,381,1
76,finish,0.91,1.24,381,2
76,greasing,1.24,1.58,381,3
76,your,1.58,1.7,381,4
76,chain,1.7,2.04,381,5
76,be,2.04,2.11,381,6
76,sure,2.11,2.27,381,7
76,to,2.27,2.36,381,8
76,wash,2.36,2.67,381,9
76,thoroughly,2.67,3.1,381,10
76,smash,6.55,6.75,382,0
76,lightbulbs,6.75,7.36,382,1
76,and,7.36,7.45,382,2
76,their,7.45,7.54,382,3
76,cash,7.54,7.79,382,4
76,value,7.79,8.15,382,5
76,will,8.15,8.23,382,6
76,diminish,8.23,8.57,382,7
76,to,8.57,8.69,382,8
76,nothing,8.69,9.06,382,9
76,top,12.84,13.11,383,0
76,zinnias,13.11,13.51,383,1
76,rarely,13.51,13.87,383,2
76,have,13.87,14.05,383,3
76,crooked,14.05,14.35,383,4
76,stems,14.35,14.89,383,5
76,movies,16.52,16.81,384,0
76,never,16.81,17.06,384,1
76,have,17.06,17.2,384,2
76,enough,17.2,17.41,384,3
76,villains,17.41,18.02,384,4
76,every,19.97,20.17,385,0
76,cab,20.17,20.48,385,1
76,needs,20.48,20.68,385,2
76,repainting,20.68,21.11,385,3
76,often,21.11,21.49,385,4
77,a,0.74,0.8,386,0
77,crab,0.8,1.14,386,1
77,challenged,1.14,1.55,386,2
77,me,1.55,1.8,386,3
77,but,1.8,1.95,386,4
77,a,1.95,2.0,386,5
77,quick,2.0,2.23,386,6
77,stab,2.23,2.61,386,7
77,vanquished,2.61,3.04,386,8
77,him,3.04,3.23,386,9
77,a,5.97,6.03,387,0
77,toothpaste,6.03,6.53,387,1
77,tube,6.53,6.76,387,2
77,should,6.76,6.89,387,3
77,be,6.89,6.97,387,4
77,squeezed,6.97,7.34,387,5
77,from,7.34,7.48,387,6
77,the,7.48,7.53,387,7
77,bottom,7.53,7.92,387,8
77,those,11.18,11.4,388,0
77,who,11.4,11.45,388,1
77,are,11.45,11.53,388,2
77,not,11.53,11.74,388,3
77,purists,11.74,12.16,388,4
77,use,12.16,12.31,388,5
77,canned,12.31,12.57,388,6
77,vegetables,12.57,13.07,388,7
77,when,13.07,13.18,388,8
77,making,13.18,13.49,388,9
77,stew,13.49,13.87,388,10
77,a,17.25,17.31,389,0
77,fifth,17.31,17.62,389,1
77,jar,17.62,17.92,389,2
77,contains,17.92,18.3,389,3
77,big,18.3,18.55,389,4
77,juicy,18.55,18.81,389,5
77,peaches,18.81,19.35,389,6
77,the,21.47,21.62,390,0
77,overweight,21.62,21.99,390,1
77,charmer,21.99,22.34,390,2
77,could,22.34,22.52,390,3
77,slip,22.52,22.78,390,4
77,poison,22.78,23.12,390,5
77,into,23.12,23.31,390,6
77,anyone's,23.31,23.71,390,7
77,tea,23.71,24.0,390,8
78,each,0.63,0.87,391,0
78,stag,0.87,1.25,391,1
78,surely,1.25,1.49,391,2
78,finds,1.49,1.8,391,3
78,a,1.8,1.83,391,4
78,big,1.83,2.05,391,5
78,fawn,2.05,2.47,391,6
78,the,4.4,4.51,392,0
78,rich,4.51,4.75,392,1
78,should,4.75,4.87,392,2
78,invest,4.87,5.27,392,3
78,in,5.27,5.39,392,4
78,black,5.39,5.64,392,5
78,zircons,5.64,6.17,392,6
78,instead,6.17,6.47,392,7
78,of,6.47,6.58,392,8
78,stylish,6.58,6.98,392,9
78,shoes,6.98,7.49,392,10
78,please,10.24,10.57,393,0
78,sing,10.57,10.85,393,1
78,just,10.85,11.06,393,2
78,the,11.06,11.13,393,3
78,club,11.13,11.41,393,4
78,theme,11.41,11.73,393,5
78,they,13.99,14.06,394,0
78,used,14.06,14.3,394,1
78,an,14.3,14.38,394,2
78,aggressive,14.38,14.78,394,3
78,policeman,14.78,15.2,394,4
78,to,15.2,15.26,394,5
78,flag,15.26,15.57,394,6
78,thoughtless,15.57,15.91,394,7
78,motorists,15.91,16.71,394,8
78,shell,19.81,20.09,395,0
78,shock,20.09,20.43,395,1
78,caused,20.43,20.69,395,2
78,by,20.69,20.81,395,3
78,shrapnel,20.81,21.32,395,4
78,is,21.32,21.43,395,5
78,sometimes,21.43,21.86,395,6
78,cured,21.86,22.18,395,7
78,through,22.18,22.34,395,8
78,group,22.34,22.54,395,9
78,therapy,22.54,23.05,395,10
79,the,0.85,0.94,396,0
79,advertising,0.94,1.54,396,1
79,verse,1.54,1.85,396,2
79,of,1.85,1.97,396,3
79,plymouth,1.97,2.27,396,4
79,variety,2.27,2.65,396,5
79,store,2.65,2.93,396,6
79,never,2.93,3.19,396,7
79,changes,3.19,3.83,396,8
79,suburban,6.61,7.03,397,0
79,housewives,7.03,7.54,397,1
79,often,7.54,7.82,397,2
79,suffer,7.82,8.14,397,3
79,from,8.14,8.29,397,4
79,the,8.29,8.34,397,5
79,gab,8.34,8.64,397,6
79,habit,8.64,8.99,397,7
79,a,11.83,11.91,398,0
79,lone,11.91,12.16,398,1
79,star,12.16,12.5,398,2
79,shone,12.5,12.72,398,3
79,in,12.72,12.82,398,4
79,the,12.82,12.87,398,5
79,early,12.87,13.24,398,6
79,evening,13.24,13.49,398,7
79,sky,13.49,13.87,398,8
79,the,16.0,16.07,399,0
79,toddler,16.07,16.47,399,1
79,found,16.47,16.71,399,2
79,a,16.71,16.74,399,3
79,clamshell,16.74,17.27,399,4
79,near,17.27,17.41,399,5
79,the,17.41,17.48,399,6
79,camp,17.48,17.73,399,7
79,site,17.73,18.04,399,8
79,what,20.68,20.84,400,0
79,is,20.84,20.97,400,1
79,this,20.97,21.14,400,2
79,large,21.14,21.4,400,3
79,thing,21.4,21.58,400,4
79,by,21.95,22.03,400,5
79,the,22.03,22.62,400,6
79,ironing,22.67,22.89,400,7
79,board,22.89,23.66,400,8
80,thomas,0.68,1.02,401,0
80,thinks,1.02,1.29,401,1
80,a,1.29,1.35,401,2
80,larger,1.35,1.72,401,3
80,clamp,1.72,2.08,401,4
80,solve,2.08,2.45,401,5
80,the,2.45,2.5,401,6
80,problem,2.5,2.96,401,7
80,first,5.28,5.58,402,0
80,add,5.58,5.76,402,1
80,milk,5.76,6.02,402,2
80,to,6.02,6.08,402,3
80,the,6.08,6.19,402,4
80,shredded,6.19,6.53,402,5
80,cheese,6.53,6.99,402,6
80,spherical,9.17,9.64,403,0
80,gifts,9.64,9.91,403,1
80,are,9.91,9.98,403,2
80,difficult,9.98,10.4,403,3
80,to,10.4,10.48,403,4
80,wrap,10.48,10.82,403,5
80,ralph,13.27,13.55,404,0
80,prepared,13.55,13.89,404,1
80,red,13.89,14.1,404,2
80,snapper,14.1,14.5,404,3
80,with,14.5,14.64,404,4
80,fresh,14.64,14.94,404,5
80,lemon,14.94,15.23,404,6
80,sauce,15.23,15.5,404,7
80,for,15.5,15.63,404,8
80,dinner,15.63,15.94,404,9
80,roy,19.05,19.32,405,0
80,ignored,19.32,19.68,405,1
80,the,19.68,19.75,405,2
80,spurious,19.75,20.12,405,3
80,data,20.12,20.35,405,4
80,points,20.35,20.73,405,5
80,in,20.73,20.79,405,6
80,the,20.79,20.82,405,7
80,drawing,20.82,21.02,405,8
80,in,21.02,21.06,405,9
80,drawing,21.06,21.13,405,10
80,the,21.13,21.18,405,11
80,graph,21.18,21.65,405,12
81,the,1.09,1.15,406,0
81,thick,1.15,1.39,406,1
81,elm,1.39,1.6,406,2
81,forest,1.6,2.05,406,3
81,was,2.05,2.16,406,4
81,nearly,2.16,2.43,406,5
81,overwhelmed,2.43,2.91,406,6
81,by,2.91,2.97,406,7
81,dutch,2.97,3.24,406,8
81,elm,3.24,3.42,406,9
81,disease,3.42,3.93,406,10
81,in,6.91,7.04,407,0
81,developing,7.04,7.53,407,1
81,film,7.53,7.94,407,2
81,many,7.94,8.19,407,3
81,toxic,8.19,8.61,407,4
81,chemicals,8.61,9.05,407,5
81,are,9.05,9.1,407,6
81,used,9.1,9.57,407,7
81,is,11.9,12.02,408,0
81,this,12.02,12.2,408,1
81,seesaw,12.2,12.55,408,2
81,safe,12.55,12.95,408,3
81,those,14.56,14.78,409,0
81,thieves,14.78,15.11,409,1
81,stole,15.11,15.35,409,2
81,thirty,15.35,15.64,409,3
81,jewels,15.64,16.25,409,4
81,aluminium,18.14,18.6,410,0
81,cutlery,18.6,19.03,410,1
81,can,19.03,19.16,410,2
81,often,19.16,19.43,410,3
81,be,19.43,19.52,410,4
81,flimsy,19.52,20.0,410,5
82,those,1.07,1.22,411,0
82,musicians,1.22,1.76,411,1
82,harmonize,1.76,2.2,411,2
82,marvellously,2.2,2.89,411,3
82,most,5.01,5.36,412,0
82,young,5.36,5.53,412,1
82,rabbits,5.53,5.94,412,2
82,rise,5.94,6.18,412,3
82,early,6.18,6.44,412,4
82,every,6.44,6.62,412,5
82,morning,6.62,6.98,412,6
82,beg,9.32,9.52,413,0
82,that,9.52,9.67,413,1
82,guard,9.67,9.92,413,2
82,for,9.92,10.03,413,3
82,one,10.03,10.2,413,4
82,gallon,10.2,10.47,413,5
82,of,10.47,10.58,413,6
82,petrol,10.58,10.99,413,7
82,get,13.43,13.58,414,0
82,a,13.58,13.63,414,1
82,calico,13.63,14.03,414,2
82,cat,14.03,14.34,414,3
82,to,14.34,14.4,414,4
82,keep,14.4,14.62,414,5
82,the,14.62,14.69,414,6
82,rodents,14.69,15.06,414,7
82,away,15.06,15.33,414,8
82,tina,17.67,17.9,415,0
82,turner,17.9,18.26,415,1
82,is,18.26,18.36,415,2
82,a,18.36,18.41,415,3
82,pop,18.41,18.66,415,4
82,singer,18.66,18.97,415,5
83,that,0.54,0.73,416,0
83,pickpocket,0.73,1.25,416,1
83,was,1.25,1.39,416,2
83,caught,1.39,1.6,416,3
83,redhanded,1.6,2.19,416,4
83,mum,4.62,4.9,417,0
83,strongly,4.9,5.29,417,1
83,dislikes,5.29,5.71,417,2
83,appetizers,5.71,6.47,417,3
83,her,8.03,8.1,418,0
83,classical,8.1,8.59,418,1
83,repertoire,8.59,9.09,418,2
83,gained,9.09,9.31,418,3
83,critical,9.31,9.67,418,4
83,acclaim,9.67,10.1,418,5
83,did,12.76,12.89,419,0
83,you,12.89,12.95,419,1
83,eat,12.95,13.1,419,2
83,lunch,13.1,13.31,419,3
83,yesterday,13.31,13.75,419,4
83,it's,15.91,16.04,420,0
83,illegal,16.04,16.35,420,1
83,to,16.35,16.41,420,2
83,postdate,16.41,16.76,420,3
83,a,16.76,16.89,420,4
83,cheque,16.89,17.26,420,5
84,hispanic,0.46,0.93,421,0
84,costumes,0.93,1.37,421,1
84,are,1.37,1.44,421,2
84,quite,1.44,1.69,421,3
84,colourful,1.69,2.2,421,4
84,youngsters,4.39,4.84,422,0
84,love,4.84,5.07,422,1
84,candy,5.07,5.41,422,2
84,corn,5.41,5.56,422,3
84,as,5.56,5.75,422,4
84,a,5.75,5.8,422,5
84,treat,5.8,6.15,422,6
84,glucose,8.42,8.85,423,0
84,and,8.85,8.97,423,1
84,fructose,8.97,9.65,423,2
84,are,9.65,9.76,423,3
84,natural,9.76,10.1,423,4
84,sugars,10.1,10.47,423,5
84,found,10.47,10.71,423,6
84,in,10.71,10.81,423,7
84,fruit,10.81,11.1,423,8
84,few,13.64,13.8,424,0
84,people,13.8,14.08,424,1
84,live,14.08,14.27,424,2
84,to,14.27,14.34,424,3
84,be,14.34,14.43,424,4
84,a,14.43,14.55,424,5
84,hundred,14.55,14.9,424,6
84,tradition,17.44,17.86,425,0
84,requires,17.86,18.36,425,1
84,prenatal,18.36,18.71,425,2
84,approval,18.71,19.08,425,3
84,for,19.08,19.26,425,4
84,underage,19.26,19.64,425,5
84,marriage,19.64,20.11,425,6
85,the,1.07,1.17,426,0
85,easy,1.17,1.37,426,1
85,going,1.37,1.65,426,2
85,zoologist,1.65,2.19,426,3
85,relaxed,2.19,2.6,426,4
85,throughout,2.6,2.82,426,5
85,the,2.82,2.87,426,6
85,voyage,2.87,3.41,426,7
85,the,6.01,6.09,427,0
85,altruistic,6.09,6.6,427,1
85,dowager,6.6,7.06,427,2
85,helped,7.06,7.31,427,3
85,main,7.31,7.39,427,4
85,many,7.39,7.55,427,5
85,maltritions,7.55,7.73,427,6
85,malnu,7.73,7.83,427,7
85,malnourished,7.83,8.04,427,8
85,vagrants,8.07,8.74,427,9
85,the,11.5,11.61,428,0
85,haunted,11.61,11.87,428,1
85,house,11.87,12.15,428,2
85,was,12.15,12.27,428,3
85,a,12.27,12.32,428,4
85,hit,12.32,12.61,428,5
85,due,12.61,12.72,428,6
85,to,12.72,12.81,428,7
85,outstanding,12.81,13.4,428,8
85,audiovisual,13.4,14.0,428,9
85,effects,14.0,14.55,428,10
85,they,17.7,17.8,429,0
85,all,17.8,17.98,429,1
85,enjoy,17.98,18.34,429,2
85,ice,18.34,18.49,429,3
85,cream,18.49,18.71,429,4
85,sundaes,18.71,19.31,429,5
85,jeff's,21.44,21.68,430,0
85,toy,21.68,21.89,430,1
85,gocart,21.89,22.35,430,2
85,never,22.35,22.6,430,3
85,worked,22.6,22.98,430,4
86,nonprofit,1.18,1.69,431,0
86,organizations,1.69,2.46,431,1
86,have,2.46,2.58,431,2
86,frequent,2.58,2.92,431,3
86,fundraisers,2.92,3.61,431,4
86,allow,6.0,6.26,432,0
86,leeway,6.26,6.63,432,1
86,here,6.63,6.94,432,2
86,i,7.91,8.02,433,0
86,honour,8.02,8.24,433,1
86,my,8.24,8.36,433,2
86,mum,8.36,8.71,433,3
86,rationalize,10.17,10.8,434,0
86,all,10.8,10.95,434,1
86,errors,10.95,11.44,434,2
86,may,13.08,13.26,435,0
86,i,13.26,13.29,435,1
86,order,13.29,13.49,435,2
86,a,13.49,13.54,435,3
86,parfait,13.54,13.97,435,4
86,after,13.97,14.21,435,5
86,i,14.21,14.28,435,6
86,eat,14.28,14.37,435,7
86,dinner,14.37,14.69,435,8
87,herb's,0.0,1.15,436,0
87,birthday,1.15,1.59,436,1
87,frequently,1.59,2.03,436,2
87,occurs,2.03,2.36,436,3
87,on,2.36,2.52,436,4
87,thanksgiving,2.52,3.11,436,5
87,does,5.63,5.83,437,0
87,hindu,5.83,6.08,437,1
87,ideology,6.08,6.6,437,2
87,honour,6.6,6.8,437,3
87,cows,6.8,7.32,437,4
87,we,9.02,9.11,438,0
87,apply,9.11,9.45,438,1
87,auditory,9.45,9.86,438,2
87,modelling,9.86,10.35,438,3
87,to,10.35,10.5,438,4
87,computer,10.5,10.87,438,5
87,speech,10.87,11.21,438,6
87,recognition,11.21,11.84,438,7
87,tornados,14.46,14.89,439,0
87,often,14.89,15.15,439,1
87,destroy,15.15,15.43,439,2
87,aviaries,15.43,16.3,439,3
87,jeff,18.26,18.5,440,0
87,thought,18.5,18.77,440,1
87,you,18.77,18.89,440,2
87,argued,18.89,19.19,440,3
87,in,19.19,19.31,440,4
87,favour,19.31,19.72,440,5
87,of,19.72,19.79,440,6
87,centrifuge,19.79,20.31,440,7
87,purchase,20.31,20.81,440,8
88,rock,2.09,2.33,441,0
88,and,2.33,2.46,441,1
88,roll,2.46,2.58,441,2
88,music,2.58,2.96,441,3
88,has,2.96,3.08,441,4
88,a,3.08,3.12,441,5
88,great,3.12,3.4,441,6
88,rhythm,3.4,3.72,441,7
88,we,5.78,5.88,442,0
88,like,5.88,6.12,442,1
88,blue,6.12,6.28,442,2
88,cheese,6.28,6.78,442,3
88,but,6.81,6.94,442,4
88,victor,6.94,7.23,442,5
88,likes,7.23,7.45,442,6
88,brie,7.45,7.74,442,7
88,please,10.03,10.22,443,0
88,dig,10.22,10.42,443,1
88,my,10.42,10.55,443,2
88,potatoes,10.55,10.98,443,3
88,up,10.98,11.16,443,4
88,before,11.16,11.4,443,5
88,the,11.4,11.47,443,6
88,frost,11.47,12.0,443,7
88,rob,14.43,14.69,444,0
88,made,14.69,14.89,444,1
88,hungarian,14.89,15.35,444,2
88,goulash,15.35,15.7,444,3
88,for,15.7,15.82,444,4
88,dinner,15.82,16.17,444,5
88,and,16.17,16.41,444,6
88,gooseberry,16.41,16.78,444,7
88,pie,16.78,17.06,444,8
88,for,17.06,17.21,444,9
88,desert,17.21,17.58,444,10
88,trish,20.71,20.88,445,0
88,saw,20.88,21.13,445,1
88,hours,21.13,21.43,445,2
88,and,21.43,21.52,445,3
88,hours,21.52,21.8,445,4
88,of,21.8,21.86,445,5
88,movies,21.86,22.18,445,6
88,this,22.18,22.3,445,7
88,saturday,22.3,22.79,445,8
89,the,1.25,1.31,446,0
89,speech,1.31,1.64,446,1
89,symposium,1.64,2.15,446,2
89,might,2.15,2.32,446,3
89,begin,2.32,2.55,446,4
89,on,2.55,2.69,446,5
89,monday,2.69,3.04,446,6
89,gremlins,5.17,5.53,447,0
89,is,5.53,5.68,447,1
89,yet,5.68,5.8,447,2
89,another,5.8,6.08,447,3
89,exciting,6.08,6.51,447,4
89,movie,6.51,6.76,447,5
89,by,6.76,6.89,447,6
89,steven,6.89,7.25,447,7
89,spielberg,7.25,7.78,447,8
89,growing,10.85,11.2,448,0
89,well,11.2,11.36,448,1
89,kept,11.36,11.62,448,2
89,gardens,11.62,12.01,448,3
89,is,12.01,12.13,448,4
89,very,12.13,12.33,448,5
89,time,12.33,12.59,448,6
89,consuming,12.59,13.09,448,7
89,is,15.44,15.53,449,0
89,she,15.53,15.65,449,1
89,going,15.65,15.93,449,2
89,with,15.93,16.06,449,3
89,you,16.06,16.32,449,4
89,i,18.06,18.13,450,0
89,took,18.13,18.34,450,1
89,her,18.34,18.42,450,2
89,word,18.42,18.64,450,3
89,for,18.64,18.81,450,4
89,it,18.81,18.96,450,5
90,children,2.07,2.38,451,0
90,can,2.38,2.55,451,1
90,consume,2.55,2.99,451,2
90,many,2.99,3.2,451,3
90,fruit,3.2,3.41,451,4
90,rollups,3.41,3.82,451,5
90,in,3.82,3.9,451,6
90,one,3.9,4.07,451,7
90,sitting,4.07,4.4,451,8
90,people,7.08,7.34,452,0
90,drink,7.34,7.58,452,1
90,much,7.58,7.79,452,2
90,water,7.79,8.17,452,3
90,with,8.17,8.28,452,4
90,horseradish,8.28,8.82,452,5
90,relish,8.82,9.3,452,6
90,gwen,11.94,12.2,453,0
90,grows,12.2,12.44,453,1
90,green,12.44,12.7,453,2
90,vegetables,12.7,12.98,453,3
90,in,12.98,13.06,453,4
90,her,13.06,13.13,453,5
90,vegetable,13.13,13.52,453,6
90,garden,13.52,13.92,453,7
90,the,16.61,16.68,454,0
90,football,16.68,17.02,454,1
90,team,17.02,17.24,454,2
90,coach,17.24,17.63,454,3
90,has,17.63,17.82,454,4
90,a,17.82,17.99,454,5
90,watch,18.1,18.4,454,6
90,as,18.4,18.5,454,7
90,thin,18.5,18.64,454,8
90,as,18.64,18.77,454,9
90,a,18.77,18.82,454,10
90,dime,18.82,19.2,454,11
90,seamstresses,21.77,22.4,455,0
90,attach,22.4,22.74,455,1
90,zips,22.74,23.11,455,2
90,with,23.11,23.21,455,3
90,a,23.21,23.26,455,4
90,thimble,23.26,23.59,455,5
90,needle,23.59,23.91,455,6
90,and,23.91,24.07,455,7
90,thread,24.07,24.39,455,8
91,a,1.01,1.09,456,0
91,moth,1.09,1.45,456,1
91,zigzagged,1.45,1.9,456,2
91,along,1.9,2.22,456,3
91,the,2.22,2.28,456,4
91,path,2.28,2.65,456,5
91,through,2.65,2.8,456,6
91,otto's,2.8,3.05,456,7
91,garden,3.05,3.47,456,8
91,coffee,6.05,6.36,457,0
91,is,6.36,6.49,457,1
91,grown,6.49,6.72,457,2
91,on,6.72,6.87,457,3
91,steep,6.87,7.18,457,4
91,junglelike,7.18,7.68,457,5
91,slopes,7.68,8.07,457,6
91,in,8.07,8.17,457,7
91,temperate,8.17,8.53,457,8
91,zones,8.53,9.0,457,9
91,that,11.73,11.95,458,0
91,stinging,11.95,12.32,458,1
91,vapour,12.32,12.65,458,2
91,was,12.65,12.81,458,3
91,caused,12.81,13.09,458,4
91,by,13.09,13.19,458,5
91,chloride,13.19,13.59,458,6
91,vaporization,13.59,14.34,458,7
91,don't,17.22,17.49,459,0
91,look,17.49,17.65,459,1
91,for,17.65,17.74,459,2
91,a,17.74,17.78,459,3
91,cheap,17.78,18.0,459,4
91,valuables,18.0,18.51,459,5
91,in,18.51,18.57,459,6
91,a,18.57,18.61,459,7
91,bank,18.61,18.87,459,8
91,vault,18.87,19.16,459,9
91,which,19.35,22.38,460,0
91,theatre,22.38,22.66,460,1
91,shows,22.66,22.9,460,2
91,mother,22.9,23.1,460,3
91,goose,23.1,23.54,460,4
